0 	0.9999612
0.006666667 	0.999963
0.01333333 	0.9999648
0.02 	0.9999666
0.02666667 	0.9999685
0.03333333 	0.9999703
0.04 	0.9999726
0.04666667 	0.999975
0.05333333 	0.9999774
0.06 	0.9999797
0.06666667 	0.9999821
0.07333333 	0.9999808
0.08 	0.9999794
0.08666667 	0.9999781
0.09333333 	0.9999768
0.1 	0.9999754
0.1066667 	0.9999695
0.1133333 	0.9999636
0.12 	0.9999577
0.1266667 	0.9999518
0.1333333 	0.9999459
0.14 	0.9999386
0.1466667 	0.9999313
0.1533333 	0.999924
0.16 	0.9999166
0.1666667 	0.9999093
0.1733333 	0.9999034
0.18 	0.9998975
0.1866667 	0.9998915
0.1933333 	0.9998856
0.2 	0.9998797
0.2066667 	0.9998756
0.2133333 	0.9998714
0.22 	0.9998673
0.2266667 	0.9998632
0.2333333 	0.999859
0.24 	0.9998659
0.2466667 	0.9998728
0.2533333 	0.9998796
0.26 	0.9998865
0.2666667 	0.9998934
0.2733333 	0.9999072
0.28 	0.9999211
0.2866667 	0.9999349
0.2933333 	0.9999487
0.3 	0.9999626
0.3066667 	0.9999688
0.3133333 	0.9999751
0.32 	0.9999814
0.3266667 	0.9999876
0.3333333 	0.9999939
0.34 	0.9999941
0.3466667 	0.9999942
0.3533333 	0.9999944
0.36 	0.9999946
0.3666667 	0.9999947
0.3733333 	0.9999914
0.38 	0.999988
0.3866667 	0.9999846
0.3933333 	0.9999812
0.4 	0.9999778
0.4066667 	0.9999734
0.4133333 	0.9999689
0.42 	0.9999645
0.4266667 	0.99996
0.4333333 	0.9999556
0.44 	0.9999575
0.4466667 	0.9999594
0.4533333 	0.9999613
0.46 	0.9999633
0.4666667 	0.9999652
0.4733333 	0.9999702
0.48 	0.9999752
0.4866667 	0.9999802
0.4933333 	0.9999852
0.5 	0.9999902
0.5066667 	0.9999918
0.5133333 	0.9999934
0.52 	0.999995
0.5266667 	0.9999966
0.5333333 	0.9999982
0.54 	0.9999976
0.5466667 	0.9999971
0.5533333 	0.9999965
0.56 	0.9999959
0.5666667 	0.9999954
0.5733333 	0.9999925
0.58 	0.9999896
0.5866667 	0.9999868
0.5933333 	0.9999839
0.6 	0.999981
0.6066667 	0.9999782
0.6133333 	0.9999754
0.62 	0.9999726
0.6266667 	0.9999698
0.6333333 	0.999967
0.64 	0.999969
0.6466667 	0.9999711
0.6533333 	0.9999731
0.66 	0.9999752
0.6666667 	0.9999773
0.6733333 	0.9999808
0.68 	0.9999844
0.6866667 	0.999988
0.6933333 	0.9999915
0.7 	0.9999951
0.7066667 	0.99999
0.7133333 	0.999985
0.72 	0.9999799
0.7266667 	0.9999748
0.7333333 	0.9999697
0.74 	0.9989216
0.7466667 	0.9978735
0.7533333 	0.9968253
0.76 	0.9957772
0.7666667 	0.9947291
0.7733333 	0.97232
0.78 	0.9499109
0.7866667 	0.9275018
0.7933333 	0.9050927
0.8 	0.8826836
0.8066667 	0.7985216
0.8133333 	0.7143595
0.82 	0.6301974
0.8266667 	0.5460353
0.8333333 	0.4618732
0.84 	0.3846156
0.8466667 	0.3073579
0.8533333 	0.2301003
0.86 	0.1528427
0.8666667 	0.07558505
0.8733333 	0.0608008
0.88 	0.04601655
0.8866667 	0.0312323
0.8933333 	0.01644805
0.9 	0.001663796
0.9066667 	0.001336598
0.9133333 	0.001009399
0.92 	0.000682201
0.9266667 	0.0003550026
0.9333333 	2.780417e-05
0.94 	2.236007e-05
0.9466667 	1.691598e-05
0.9533333 	1.147188e-05
0.96 	6.027785e-06
0.9666667 	5.836896e-07
0.9733333 	4.697366e-07
0.98 	3.557837e-07
0.9866667 	2.418307e-07
0.9933333 	1.278778e-07
1 	1.392486e-08
1.006667 	1.117882e-08
1.013333 	8.432781e-09
1.02 	5.686739e-09
1.026667 	2.940697e-09
1.033333 	1.946558e-10
1.04 	1.558511e-10
1.046667 	1.170464e-10
1.053333 	7.824174e-11
1.06 	3.943707e-11
1.066667 	6.32396e-13
1.073333 	5.059765e-13
1.08 	3.795588e-13
1.086667 	2.531412e-13
1.093333 	1.267235e-13
1.1 	3.059078e-16
1.106667 	2.46927e-16
1.113333 	1.879462e-16
1.12 	1.289654e-16
1.126667 	6.998465e-17
1.133333 	1.100387e-17
1.14 	8.953009e-18
1.146667 	6.902144e-18
1.153333 	4.851279e-18
1.16 	2.800414e-18
1.166667 	7.49549e-19
1.173333 	6.199569e-19
1.18 	4.903649e-19
1.186667 	3.607728e-19
1.193333 	2.311808e-19
1.2 	1.015887e-19
1.206667 	8.638205e-20
1.213333 	7.117535e-20
1.22 	5.596866e-20
1.226667 	4.076196e-20
1.233333 	2.555526e-20
1.24 	2.123674e-20
1.246667 	1.691821e-20
1.253333 	1.259969e-20
1.26 	8.28116e-21
1.266667 	3.962634e-21
1.273333 	3.241237e-21
1.28 	2.519841e-21
1.286667 	1.798444e-21
1.293333 	1.077048e-21
1.3 	3.55651e-22
1.306667 	2.872208e-22
1.313333 	2.187906e-22
1.32 	1.503604e-22
1.326667 	8.193014e-23
1.333333 	1.349993e-23
1.34 	1.082708e-23
1.346667 	8.154225e-24
1.353333 	5.481372e-24
1.36 	2.808519e-24
1.366667 	1.356662e-25
1.373333 	1.085762e-25
1.38 	8.148629e-26
1.386667 	5.439639e-26
1.393333 	2.73065e-26
1.4 	2.165976e-28
1.406667 	1.732855e-28
1.413333 	1.299734e-28
1.42 	8.666126e-29
1.426667 	4.334914e-29
1.433333 	3.702446e-32
1.44 	2.961991e-32
1.446667 	2.221536e-32
1.453333 	1.481081e-32
1.46 	7.406261e-33
1.466667 	1.709761e-36
1.473333 	1.367526e-36
1.48 	1.025661e-36
1.486667 	6.837969e-37
1.493333 	3.419324e-37
1.5 	6.790666e-41
1.506667 	5.432582e-41
1.513333 	4.074498e-41
1.52 	2.716414e-41
1.526667 	1.358329e-41
1.533333 	2.450402e-45
1.54 	1.960338e-45
1.546667 	1.470275e-45
1.553333 	9.802112e-46
1.56 	4.901477e-46
1.566667 	8.424884e-50
1.573333 	6.738005e-50
1.58 	5.053575e-50
1.586667 	3.369146e-50
1.593333 	1.684716e-50
1.6 	2.864295e-54
1.606667 	2.291456e-54
1.613333 	1.718617e-54
1.62 	1.145777e-54
1.626667 	5.729377e-55
1.633333 	9.827882e-59
1.64 	7.862373e-59
1.646667 	5.896864e-59
1.653333 	3.931355e-59
1.66 	1.965846e-59
1.666667 	3.364036e-63
1.673333 	2.690465e-63
1.68 	2.017876e-63
1.686667 	1.345288e-63
1.693333 	6.726996e-64
1.7 	1.111781e-67
1.706667 	8.894314e-68
1.713333 	6.670822e-68
1.72 	4.44733e-68
1.726667 	2.223838e-68
1.733333 	3.462687e-72
1.74 	2.77017e-72
1.746667 	2.077652e-72
1.753333 	1.385135e-72
1.76 	6.926178e-73
1.766667 	1.005475e-76
1.773333 	8.041088e-77
1.78 	6.030884e-77
1.786667 	4.02068e-77
1.793333 	2.010476e-77
1.8 	2.716334e-81
1.806667 	2.173081e-81
1.813333 	1.629828e-81
1.82 	1.086575e-81
1.826667 	5.433214e-82
1.833333 	6.826272e-86
1.84 	5.46105e-86
1.846667 	4.095828e-86
1.853333 	2.730605e-86
1.86 	1.365383e-86
1.866667 	1.607026e-90
1.873333 	1.285082e-90
1.88 	9.638202e-91
1.886667 	6.425587e-91
1.893333 	3.212972e-91
1.9 	3.565696e-95
1.906667 	2.852572e-95
1.913333 	2.139447e-95
1.92 	1.426323e-95
1.926667 	7.13199e-96
1.933333 	7.489234e-100
1.94 	5.991418e-100
1.946667 	4.493601e-100
1.953333 	2.995785e-100
1.96 	1.497969e-100
1.966667 	1.523924e-104
1.973333 	1.21854e-104
1.98 	9.139053e-105
1.986667 	6.092702e-105
1.993333 	3.046351e-105
2 	3.551236e-117
