0 	0.9999657
0.006666667 	0.9999674
0.01333333 	0.999969
0.02 	0.9999707
0.02666667 	0.9999724
0.03333333 	0.999974
0.04 	0.9999755
0.04666667 	0.9999769
0.05333333 	0.9999784
0.06 	0.9999799
0.06666667 	0.9999813
0.07333333 	0.9999748
0.08 	0.9999682
0.08666667 	0.9999616
0.09333333 	0.9999551
0.1 	0.9999485
0.1066667 	0.9999376
0.1133333 	0.9999267
0.12 	0.9999158
0.1266667 	0.9999049
0.1333333 	0.999894
0.14 	0.9998909
0.1466667 	0.9998879
0.1533333 	0.9998848
0.16 	0.9998817
0.1666667 	0.9998787
0.1733333 	0.9998821
0.18 	0.9998855
0.1866667 	0.9998889
0.1933333 	0.9998923
0.2 	0.9998957
0.2066667 	0.9998967
0.2133333 	0.9998977
0.22 	0.9998987
0.2266667 	0.9998997
0.2333333 	0.9999007
0.24 	0.9999034
0.2466667 	0.999906
0.2533333 	0.9999087
0.26 	0.9999113
0.2666667 	0.999914
0.2733333 	0.9999221
0.28 	0.9999302
0.2866667 	0.9999384
0.2933333 	0.9999465
0.3 	0.9999547
0.3066667 	0.9999609
0.3133333 	0.9999671
0.32 	0.9999733
0.3266667 	0.9999795
0.3333333 	0.9999857
0.34 	0.9999867
0.3466667 	0.9999877
0.3533333 	0.9999887
0.36 	0.9999896
0.3666667 	0.9999906
0.3733333 	0.9999842
0.38 	0.9999777
0.3866667 	0.9999712
0.3933333 	0.9999648
0.4 	0.9999583
0.4066667 	0.9999441
0.4133333 	0.99993
0.42 	0.9999158
0.4266667 	0.9999017
0.4333333 	0.9998876
0.44 	0.9998913
0.4466667 	0.9998951
0.4533333 	0.9998989
0.46 	0.9999026
0.4666667 	0.9999064
0.4733333 	0.9999217
0.48 	0.999937
0.4866667 	0.9999523
0.4933333 	0.9999675
0.5 	0.9999828
0.5066667 	0.9999863
0.5133333 	0.9999898
0.52 	0.9999933
0.5266667 	0.9999968
0.5333333 	1
0.54 	1
0.5466667 	0.9999998
0.5533333 	0.9999996
0.56 	0.9999993
0.5666667 	0.999999
0.5733333 	0.9999961
0.58 	0.9999932
0.5866667 	0.9999902
0.5933333 	0.9999873
0.6 	0.9999843
0.6066667 	0.9999796
0.6133333 	0.9999749
0.62 	0.9999702
0.6266667 	0.9999654
0.6333333 	0.9999607
0.64 	0.9999612
0.6466667 	0.9999616
0.6533333 	0.9999621
0.66 	0.9999625
0.6666667 	0.999963
0.6733333 	0.9999678
0.68 	0.9999726
0.6866667 	0.9999774
0.6933333 	0.9999822
0.7 	0.9999871
0.7066667 	0.999989
0.7133333 	0.999991
0.72 	0.9999929
0.7266667 	0.9999949
0.7333333 	0.9999968
0.74 	0.9999609
0.7466667 	0.9999251
0.7533333 	0.9998892
0.76 	0.9998533
0.7666667 	0.9998175
0.7733333 	0.9965778
0.78 	0.9933381
0.7866667 	0.9900984
0.7933333 	0.9868588
0.8 	0.9836191
0.8066667 	0.9434444
0.8133333 	0.9032698
0.82 	0.8630951
0.8266667 	0.8229204
0.8333333 	0.7827457
0.84 	0.6911308
0.8466667 	0.5995159
0.8533333 	0.5079011
0.86 	0.4162862
0.8666667 	0.3246713
0.8733333 	0.2649751
0.88 	0.2052789
0.8866667 	0.1455827
0.8933333 	0.08588652
0.9 	0.02619034
0.9066667 	0.02104724
0.9133333 	0.01590414
0.92 	0.01076104
0.9266667 	0.005617939
0.9333333 	0.0004748393
0.94 	0.0003819147
0.9466667 	0.0002889901
0.9533333 	0.0001960655
0.96 	0.0001031409
0.9666667 	1.021624e-05
0.9733333 	8.213209e-06
0.98 	6.21018e-06
0.9866667 	4.207151e-06
0.9933333 	2.204121e-06
1 	2.010919e-07
1.006667 	1.617615e-07
1.013333 	1.224311e-07
1.02 	8.310076e-08
1.026667 	4.377038e-08
1.033333 	4.440003e-09
1.04 	3.55447e-09
1.046667 	2.668937e-09
1.053333 	1.783404e-09
1.06 	8.978705e-10
1.066667 	1.233754e-11
1.073333 	9.872408e-12
1.08 	7.407319e-12
1.086667 	4.94223e-12
1.093333 	2.477141e-12
1.1 	1.205197e-14
1.106667 	1.017785e-14
1.113333 	8.303735e-15
1.12 	6.429618e-15
1.126667 	4.555502e-15
1.133333 	2.681386e-15
1.14 	2.195261e-15
1.146667 	1.709136e-15
1.153333 	1.223011e-15
1.16 	7.368855e-16
1.166667 	2.507605e-16
1.173333 	2.013017e-16
1.18 	1.51843e-16
1.186667 	1.023843e-16
1.193333 	5.292556e-17
1.2 	3.466847e-18
1.206667 	2.774422e-18
1.213333 	2.081996e-18
1.22 	1.389571e-18
1.226667 	6.971457e-19
1.233333 	4.720288e-21
1.24 	3.776282e-21
1.246667 	2.832275e-21
1.253333 	1.888269e-21
1.26 	9.442632e-22
1.266667 	2.570554e-25
1.273333 	2.056076e-25
1.28 	1.542071e-25
1.286667 	1.028065e-25
1.293333 	5.140599e-26
1.3 	5.443298e-30
1.306667 	4.354659e-30
1.313333 	3.266019e-30
1.32 	2.17738e-30
1.326667 	1.08874e-30
1.333333 	1.009007e-34
1.34 	8.07209e-35
1.346667 	6.054107e-35
1.353333 	4.036125e-35
1.36 	2.018143e-35
1.366667 	1.601513e-39
1.373333 	1.280408e-39
1.38 	9.603111e-40
1.386667 	6.402146e-40
1.393333 	3.20118e-40
1.4 	2.149472e-44
1.406667 	1.719582e-44
1.413333 	1.289693e-44
1.42 	8.598034e-45
1.426667 	4.29914e-45
1.433333 	2.465559e-49
1.44 	1.972453e-49
1.446667 	1.479346e-49
1.453333 	9.86239e-50
1.46 	4.931322e-50
1.466667 	2.545715e-54
1.473333 	2.034604e-54
1.48 	1.525959e-54
1.486667 	1.017314e-54
1.493333 	5.086695e-55
1.5 	2.455141e-59
1.506667 	1.964118e-59
1.513333 	1.473094e-59
1.52 	9.820708e-60
1.526667 	4.910473e-60
1.533333 	2.392231e-64
1.54 	1.913791e-64
1.546667 	1.43535e-64
1.553333 	9.569093e-65
1.56 	4.784686e-65
1.566667 	2.793044e-69
1.573333 	2.232531e-69
1.58 	1.674411e-69
1.586667 	1.116291e-69
1.593333 	5.581702e-70
1.6 	4.981786e-74
1.606667 	3.985454e-74
1.613333 	2.989123e-74
1.62 	1.992791e-74
1.626667 	9.964591e-75
1.633333 	1.273503e-78
1.64 	1.018809e-78
1.646667 	7.64116e-79
1.653333 	5.094228e-79
1.66 	2.547295e-79
1.666667 	3.626816e-83
1.673333 	2.900454e-83
1.68 	2.175365e-83
1.686667 	1.450277e-83
1.693333 	7.25188e-84
1.7 	9.932955e-88
1.706667 	7.946414e-88
1.713333 	5.959873e-88
1.72 	3.973332e-88
1.726667 	1.986791e-88
1.733333 	2.506387e-92
1.74 	2.005121e-92
1.746667 	1.503855e-92
1.753333 	1.002589e-92
1.76 	5.013236e-93
1.766667 	5.766827e-97
1.773333 	4.611481e-97
1.78 	3.458641e-97
1.786667 	2.305801e-97
1.793333 	1.152961e-97
1.8 	1.215404e-101
1.806667 	9.723283e-102
1.813333 	7.292522e-102
1.82 	4.861761e-102
1.826667 	2.431e-102
1.833333 	2.389751e-106
1.84 	1.91181e-106
1.846667 	1.433869e-106
1.853333 	9.559272e-107
1.86 	4.779859e-107
1.866667 	4.455334e-111
1.873333 	3.562371e-111
1.88 	2.671798e-111
1.886667 	1.781225e-111
1.893333 	8.906519e-112
1.9 	7.872589e-116
1.906667 	6.298097e-116
1.913333 	4.723606e-116
1.92 	3.149115e-116
1.926667 	1.574624e-116
1.933333 	1.329995e-120
1.94 	1.064e-120
1.946667 	7.980057e-121
1.953333 	5.32011e-121
1.96 	2.660163e-121
1.966667 	2.15845e-125
1.973333 	1.725696e-125
1.98 	1.294272e-125
1.986667 	8.628479e-126
1.993333 	4.314239e-126
2 	5.029256e-138
