0 	0.9999386
0.006666667 	0.9999394
0.01333333 	0.9999403
0.02 	0.9999411
0.02666667 	0.999942
0.03333333 	0.9999428
0.04 	0.9999456
0.04666667 	0.9999484
0.05333333 	0.9999512
0.06 	0.999954
0.06666667 	0.9999568
0.07333333 	0.9999604
0.08 	0.999964
0.08666667 	0.9999676
0.09333333 	0.9999712
0.1 	0.9999749
0.1066667 	0.999976
0.1133333 	0.9999771
0.12 	0.9999782
0.1266667 	0.9999794
0.1333333 	0.9999805
0.14 	0.9999779
0.1466667 	0.9999752
0.1533333 	0.9999726
0.16 	0.99997
0.1666667 	0.9999674
0.1733333 	0.9999617
0.18 	0.9999561
0.1866667 	0.9999505
0.1933333 	0.9999449
0.2 	0.9999393
0.2066667 	0.9999335
0.2133333 	0.9999277
0.22 	0.9999218
0.2266667 	0.999916
0.2333333 	0.9999101
0.24 	0.9999113
0.2466667 	0.9999125
0.2533333 	0.9999136
0.26 	0.9999148
0.2666667 	0.9999159
0.2733333 	0.999924
0.28 	0.9999321
0.2866667 	0.9999402
0.2933333 	0.9999482
0.3 	0.9999563
0.3066667 	0.9999626
0.3133333 	0.9999689
0.32 	0.9999751
0.3266667 	0.9999814
0.3333333 	0.9999877
0.34 	0.9999887
0.3466667 	0.9999897
0.3533333 	0.9999907
0.36 	0.9999918
0.3666667 	0.9999928
0.3733333 	0.9999868
0.38 	0.9999809
0.3866667 	0.9999749
0.3933333 	0.9999689
0.4 	0.9999629
0.4066667 	0.9999502
0.4133333 	0.9999374
0.42 	0.9999247
0.4266667 	0.9999119
0.4333333 	0.9998992
0.44 	0.9998926
0.4466667 	0.9998859
0.4533333 	0.9998793
0.46 	0.9998727
0.4666667 	0.999866
0.4733333 	0.9998741
0.48 	0.9998822
0.4866667 	0.9998903
0.4933333 	0.9998984
0.5 	0.9999065
0.5066667 	0.9999187
0.5133333 	0.9999309
0.52 	0.9999432
0.5266667 	0.9999554
0.5333333 	0.9999676
0.54 	0.9999732
0.5466667 	0.9999788
0.5533333 	0.9999844
0.56 	0.9999899
0.5666667 	0.9999955
0.5733333 	0.9999946
0.58 	0.9999937
0.5866667 	0.9999928
0.5933333 	0.9999919
0.6 	0.999991
0.6066667 	0.9999871
0.6133333 	0.9999832
0.62 	0.9999793
0.6266667 	0.9999754
0.6333333 	0.9999715
0.64 	0.9999695
0.6466667 	0.9999674
0.6533333 	0.9999654
0.66 	0.9999634
0.6666667 	0.9999613
0.6733333 	0.9999643
0.68 	0.9999672
0.6866667 	0.9999701
0.6933333 	0.999973
0.7 	0.9999759
0.7066667 	0.9999786
0.7133333 	0.9999814
0.72 	0.9999841
0.7266667 	0.9999868
0.7333333 	0.9999895
0.74 	0.9999829
0.7466667 	0.9999762
0.7533333 	0.9999695
0.76 	0.9999629
0.7666667 	0.9999562
0.7733333 	0.9998694
0.78 	0.9997826
0.7866667 	0.9996957
0.7933333 	0.9996089
0.8 	0.9995221
0.8066667 	0.9982046
0.8133333 	0.9968871
0.82 	0.9955696
0.8266667 	0.9942521
0.8333333 	0.9929347
0.84 	0.9666052
0.8466667 	0.9402757
0.8533333 	0.9139462
0.86 	0.8876167
0.8666667 	0.8612872
0.8733333 	0.7787722
0.88 	0.6962572
0.8866667 	0.6137421
0.8933333 	0.5312271
0.9 	0.448712
0.9066667 	0.3759646
0.9133333 	0.3032172
0.92 	0.2304698
0.9266667 	0.1577224
0.9333333 	0.08497498
0.94 	0.06882277
0.9466667 	0.05267056
0.9533333 	0.03651835
0.96 	0.02036614
0.9666667 	0.004213927
0.9733333 	0.003378626
0.98 	0.002543324
0.9866667 	0.001708023
0.9933333 	0.0008727214
1 	3.742e-05
1.006667 	2.994378e-05
1.013333 	2.246756e-05
1.02 	1.499134e-05
1.026667 	7.515117e-06
1.033333 	3.889514e-08
1.04 	3.111709e-08
1.046667 	2.333904e-08
1.053333 	1.556099e-08
1.06 	7.782935e-09
1.066667 	4.883945e-12
1.073333 	3.915775e-12
1.08 	2.947993e-12
1.086667 	1.980212e-12
1.093333 	1.012431e-12
1.1 	4.464934e-14
1.106667 	3.583614e-14
1.113333 	2.702294e-14
1.12 	1.820973e-14
1.126667 	9.396526e-15
1.133333 	5.833221e-16
1.14 	4.670653e-16
1.146667 	3.508085e-16
1.153333 	2.345517e-16
1.16 	1.182949e-16
1.166667 	2.038142e-18
1.173333 	1.639998e-18
1.18 	1.24186e-18
1.186667 	8.43722e-19
1.193333 	4.455838e-19
1.2 	4.744563e-20
1.206667 	4.011187e-20
1.213333 	3.277811e-20
1.22 	2.544435e-20
1.226667 	1.811059e-20
1.233333 	1.077683e-20
1.24 	9.249058e-21
1.246667 	7.721288e-21
1.253333 	6.193518e-21
1.26 	4.665749e-21
1.266667 	3.137979e-21
1.273333 	2.646009e-21
1.28 	2.154039e-21
1.286667 	1.662069e-21
1.293333 	1.170099e-21
1.3 	6.781294e-22
1.306667 	5.570393e-22
1.313333 	4.359493e-22
1.32 	3.148592e-22
1.326667 	1.937691e-22
1.333333 	7.267905e-23
1.34 	5.864061e-23
1.346667 	4.460216e-23
1.353333 	3.056372e-23
1.36 	1.652527e-23
1.366667 	2.486826e-24
1.373333 	1.993115e-24
1.38 	1.499404e-24
1.386667 	1.005694e-24
1.393333 	5.119833e-25
1.4 	1.827282e-26
1.406667 	1.462261e-26
1.413333 	1.09724e-26
1.42 	7.32219e-27
1.426667 	3.671978e-27
1.433333 	2.176681e-29
1.44 	1.741413e-29
1.446667 	1.306144e-29
1.453333 	8.708759e-30
1.46 	4.356075e-30
1.466667 	3.390868e-33
1.473333 	2.71256e-33
1.48 	2.034469e-33
1.486667 	1.356378e-33
1.493333 	6.78287e-34
1.5 	1.96124e-37
1.506667 	1.569012e-37
1.513333 	1.176784e-37
1.52 	7.845563e-38
1.526667 	3.923284e-38
1.533333 	1.004598e-41
1.54 	8.036876e-42
1.546667 	6.027772e-42
1.553333 	4.018669e-42
1.56 	2.009566e-42
1.566667 	4.622248e-46
1.573333 	3.697034e-46
1.58 	2.772824e-46
1.586667 	1.848615e-46
1.593333 	9.244049e-47
1.6 	1.952296e-50
1.606667 	1.561852e-50
1.613333 	1.171409e-50
1.62 	7.809647e-51
1.626667 	3.905209e-51
1.633333 	7.70623e-55
1.64 	6.165042e-55
1.646667 	4.623853e-55
1.653333 	3.082664e-55
1.66 	1.541475e-55
1.666667 	2.865804e-59
1.673333 	2.292047e-59
1.68 	1.71906e-59
1.686667 	1.146074e-59
1.693333 	5.730872e-60
1.7 	1.007298e-63
1.706667 	8.058453e-64
1.713333 	6.043924e-64
1.72 	4.029394e-64
1.726667 	2.014865e-64
1.733333 	3.355806e-68
1.74 	2.684666e-68
1.746667 	2.013526e-68
1.753333 	1.342386e-68
1.76 	6.712466e-69
1.766667 	1.067153e-72
1.773333 	8.534601e-73
1.78 	6.401032e-73
1.786667 	4.267464e-73
1.793333 	2.133895e-73
1.8 	3.267069e-77
1.806667 	2.613675e-77
1.813333 	1.96028e-77
1.82 	1.306886e-77
1.826667 	6.534917e-78
1.833333 	9.73939e-82
1.84 	7.791569e-82
1.846667 	5.843748e-82
1.853333 	3.895927e-82
1.86 	1.948106e-82
1.866667 	2.853086e-86
1.873333 	2.281706e-86
1.88 	1.7113e-86
1.886667 	1.140894e-86
1.893333 	5.704884e-87
1.9 	8.243412e-91
1.906667 	6.594776e-91
1.913333 	4.946141e-91
1.92 	3.297506e-91
1.926667 	1.64887e-91
1.933333 	2.351713e-95
1.94 	1.881383e-95
1.946667 	1.411054e-95
1.953333 	9.407249e-96
1.96 	4.703956e-96
1.966667 	6.62495e-100
1.973333 	5.298148e-100
1.98 	3.973698e-100
1.986667 	2.649248e-100
1.993333 	1.324799e-100
2 	3.486468e-104
