   2.4098768e+00
   3.9781064e+00
   1.5151521e+00
   4.9109903e+00
   3.8808137e+00
   2.1092686e+00
   6.0521887e+00
   5.0844753e+00
   4.2428326e+00
   3.9132411e+00
   2.1598050e-01
   2.0940497e+00
   1.0502729e+00
   3.2105916e+00
   3.0196132e+00
   2.4732100e+00
   4.0178082e+00
   6.1291415e+00
   3.8405632e+00
   4.4124404e+00
   4.1725374e+00
   2.3795388e+00
   4.6331013e+00
   1.2253397e+00
   1.9173881e+00
   1.1686509e-01
   1.0237851e-01
   3.9121544e-01
   5.8964122e+00
   5.2790590e+00
   1.5367937e-02
   8.5626430e-01
   2.9354606e+00
   5.9687520e+00
   3.0935460e+00
   2.5641936e+00
   6.2452755e+00
   3.9195898e+00
   2.8705373e+00
   6.4344247e-01
   2.0455806e+00
   6.9856440e-01
   5.7434308e+00
   9.5860123e-01
   3.3607865e+00
   1.9900568e+00
   5.6899996e+00
   5.1147888e-01
   1.3825929e-01
   6.2654114e+00
   2.8410217e+00
   2.6402749e+00
   4.9760300e-01
   2.3315951e+00
   3.1468929e-01
   2.5448940e+00
   4.5728225e+00
   1.8431304e-01
   1.3848388e+00
   3.8012758e+00
   4.0444317e+00
   3.0613140e+00
   4.8774682e+00
   1.3838861e+00
   3.5677858e+00
   5.2873952e+00
   1.3248777e+00
   4.5844262e+00
   3.9634807e+00
   3.2648217e+00
   1.5118435e+00
   8.4430501e-01
   4.0453429e+00
   3.2999966e+00
   6.3605244e-02
   1.3487110e+00
   5.1601046e+00
   3.6400833e+00
   9.4929758e-01
   4.9514634e-01
   2.8815876e+00
   1.9919303e+00
   5.3200866e+00
   1.3485314e+00
   5.9697412e+00
   3.0846471e+00
   3.4472433e+00
   4.0139907e+00
   4.4097541e+00
   3.5301750e+00
   9.6445027e-01
   5.3943881e+00
   1.6284823e+00
   4.4246020e+00
   2.3068396e+00
   4.0114852e-01
   3.8000489e+00
   2.2292695e+00
   2.5482373e+00
   7.2917774e-01
   5.4297557e+00
   8.4615643e-02
   3.5588752e+00
   6.1682167e+00
   5.9470231e+00
   1.6368365e-01
   4.3070598e+00
   1.8654107e+00
   5.8516386e+00
   2.9455746e+00
   3.3171178e+00
   4.1673898e+00
   3.5404094e+00
   3.8725853e+00
   1.7045263e-01
   1.3626044e+00
   7.4396649e-01
   2.3638475e+00
   3.3612819e+00
   6.2321984e+00
   3.7944962e+00
   4.5423109e+00
   3.8736365e-01
   1.6755084e+00
   1.1574073e+00
   9.1625428e-01
   1.4754848e-01
   3.9625492e-01
   5.8558558e+00
   3.3670136e+00
   2.8696523e+00
   1.0288030e+00
   4.8024347e+00
   5.5793949e+00
   2.7024758e+00
   2.0333794e+00
   1.8916902e-01
   2.7880507e+00
   4.3336750e+00
   4.5010928e+00
   2.1618644e+00
   7.0070098e-01
   1.3095281e-02
   5.3464279e+00
   2.7323485e+00
   2.4586099e+00
   5.8796707e-01
   6.0229361e+00
   3.2828181e+00
   6.1562059e+00
   7.9481502e-01
   3.1136863e+00
   2.0096469e+00
   4.8850911e-01
   1.3499957e+00
   5.0887958e+00
   1.4568359e+00
   5.4021898e+00
   4.4294662e+00
   1.0708865e+00
   6.1770906e+00
   5.5117002e-01
   3.7469809e+00
   4.2461253e+00
   9.4926184e-01
   4.0047136e+00
   3.8889844e+00
   1.7169930e+00
   4.7582042e+00
   1.8275330e+00
   4.1745126e+00
   4.9770828e+00
   3.8329356e+00
   4.3873999e+00
   3.7173590e+00
   1.3001788e+00
   1.1025422e+00
   5.4674063e+00
   2.7879504e-01
   2.6970031e-01
   1.8906436e+00
   1.1683823e+00
   6.6338427e-01
   6.0420674e+00
   4.2776699e+00
   1.6303846e+00
   1.4380920e+00
   1.8425246e+00
   5.5266370e+00
   2.2961559e+00
   2.0843902e+00
   2.9839392e+00
   5.0524518e-01
   5.6182064e+00
   2.3909169e+00
   3.2937134e+00
   4.7698334e+00
   5.3902219e+00
   5.2257360e-01
   6.6330652e-01
   4.9189933e-02
   3.2032804e+00
   2.1341212e+00
   1.4628213e+00
   1.6076217e+00
   4.3797590e+00
   1.1247522e+00
   6.1305847e+00
   6.0983210e+00
   4.0823036e+00
   1.2632399e+00
   9.6301310e-02
   5.0743736e-01
   2.3614325e+00
   2.1186227e+00
   8.1713160e-01
   2.5063153e+00
   5.4217634e-01
   5.5786919e+00
   2.6964956e+00
   5.6350036e+00
   2.1983394e+00
   1.1940296e+00
   5.2852818e+00
   6.0821976e+00
   3.1766557e+00
   3.4393687e+00
   2.3014861e-01
   6.1731307e+00
   4.7623445e+00
   5.4797773e+00
   3.8889765e+00
   5.2123537e+00
   4.8990763e+00
   1.7388110e+00
   2.2752383e+00
   4.7398706e-01
   6.2093420e+00
   2.9104042e+00
   2.0965343e+00
   2.0710358e+00
   1.6048033e+00
   7.8887412e-01
   3.2145552e+00
   5.3132636e+00
   2.0196451e-01
   3.9915922e+00
   3.7027083e+00
   5.2963154e+00
   4.2680977e+00
   2.2102184e+00
   4.7880775e+00
   3.4755510e+00
   4.8412831e-01
   3.8743179e+00
   2.0974767e+00
   2.7118912e+00
   5.0670179e+00
   1.4188973e+00
   6.1398961e+00
   6.1994917e+00
   4.8808472e+00
   1.2691012e-01
   2.4118036e+00
   1.2274890e+00
   6.5185044e-01
   3.1481486e+00
   1.8829965e+00
   6.1381560e-01
   5.1289759e+00
   4.2449958e+00
   2.8550490e+00
   5.4031948e+00
   4.3288760e+00
   3.7172404e+00
   2.5460055e+00
   1.4318726e+00
   3.5529607e+00
   4.2586026e+00
   5.7651410e+00
   5.0912496e+00
   2.8288209e+00
   5.7949712e+00
   3.1854356e+00
   8.1904326e-02
   4.5469948e+00
   5.9352533e+00
   2.2972357e+00
   6.0027667e-01
   2.4884615e+00
   5.6620583e+00
   6.2712619e+00
   3.5927988e+00
   3.9201255e+00
   2.2904885e+00
   1.8037521e+00
   2.5768548e+00
   3.4237988e+00
   1.6728861e+00
   2.9342581e+00
   7.1230879e-01
   1.2802286e+00
   3.6206828e+00
   1.9596922e+00
   1.5605270e+00
   2.2564771e+00
   3.5709331e+00
   2.8576993e+00
   5.1539627e+00
   5.7740026e+00
   4.3494627e-02
   3.7136605e+00
   3.6807475e+00
   1.3561163e+00
   4.3441828e+00
   2.8821245e+00
   4.8542532e+00
   3.4533000e+00
   3.5273116e+00
   4.2213262e+00
   5.2544103e+00
   3.7624222e+00
   3.2934070e+00
   5.8505633e+00
   2.8772772e+00
   4.7622066e+00
   4.8312919e+00
   2.6628255e+00
   3.2526920e-02
   5.3219144e+00
   2.7925825e+00
   2.2897763e+00
   4.2695250e+00
   2.7885834e+00
   2.9849847e+00
   1.4580445e+00
   3.2830934e+00
   2.4587764e+00
   1.1471409e+00
   1.5289205e+00
   4.0154300e+00
   2.7890496e+00
   4.0072915e+00
   3.6430970e-01
   3.3410088e+00
   9.0228812e-01
   1.1715553e+00
   9.6327702e-01
   7.7945807e-01
   3.8945180e+00
   5.7856634e+00
   1.7472991e+00
   2.4426998e-01
   5.7344097e+00
   5.0999580e+00
   1.0204123e+00
   1.8433859e+00
   4.1876845e+00
   5.7955215e+00
   4.3674552e+00
   3.9208627e-01
   3.0877854e+00
   2.5299139e+00
   4.4823130e+00
   4.5048713e+00
   8.2395019e-01
   4.3785442e+00
   6.2693516e+00
   3.0059813e+00
   2.8513824e+00
   6.2579001e+00
   1.5243297e+00
   5.1064802e+00
   6.0446190e+00
   4.3190051e+00
   2.3171502e+00
   2.5998734e+00
   1.0967318e+00
   2.0668130e+00
   1.0309245e+00
   3.2592956e+00
   1.2585745e+00
   2.3263321e+00
   5.1204373e+00
   3.7263386e+00
   1.7172915e+00
   4.1322337e+00
   1.2289065e+00
   4.1038700e+00
   3.9194132e+00
   5.9440768e-01
   4.1346713e+00
   6.0501906e+00
   4.7112579e+00
   5.8424947e-01
   4.9029630e+00
   2.7806410e+00
   1.2236886e-01
   4.8579080e+00
   2.3246938e+00
   2.2352734e+00
   3.6427079e+00
   4.2866613e-01
   4.2298886e+00
   5.7659190e+00
   6.5857201e-01
   3.5057931e+00
   1.7271335e-01
   4.4939320e+00
   9.3714438e-01
   4.2499859e+00
   9.2213356e-01
   3.8436687e+00
   1.8804265e+00
   2.7227149e+00
   1.1764296e-01
   3.6395277e+00
   1.8563347e-01
   5.8819036e+00
   3.6986085e+00
   9.9082255e-01
   4.4734705e+00
   6.1368427e+00
   5.6442528e+00
   1.7885672e+00
   1.5597058e+00
   2.7430527e+00
   6.0428795e+00
   5.4222511e+00
   6.0766225e+00
   2.6179378e+00
   5.7550557e+00
   2.1460126e-01
   1.0202603e+00
   3.0432530e+00
   4.6895711e+00
   2.7529926e+00
   3.1201306e+00
   3.4396542e+00
   3.6002290e+00
   4.4215430e+00
   4.0409627e+00
   5.7990220e+00
   4.0449723e+00
   5.0037086e+00
   5.7122461e+00
   8.0382256e-01
   2.9861529e+00
   3.4711521e+00
   4.7125508e+00
   1.1051131e+00
   2.8150363e+00
   4.3153983e+00
   5.6792788e+00
   2.3056990e+00
   1.4016682e+00
   1.8638362e+00
   1.8254168e+00
   7.9293693e-01
   4.9523817e+00
   6.2509759e+00
   1.4848183e+00
   4.3730312e+00
   2.3401877e-01
   9.5552378e-01
   1.5063523e-01
   2.6105023e+00
   1.5859577e+00
   2.5385649e+00
   4.0347274e+00
   9.4665531e-01
   3.4650358e+00
   4.1152391e-01
   5.9184393e+00
   1.0113025e+00
   5.5034093e-01
   4.0725622e+00
   1.3579669e+00
   2.2554035e+00
   3.5649738e+00
   4.9981727e+00
   4.3202752e+00
   1.2871774e+00
   1.5749983e+00
   2.8213450e+00
   2.1520230e+00
   2.9347332e+00
   1.0528927e+00
   4.9950121e+00
   5.1600485e+00
   4.2933808e+00
   5.3734379e-01
   2.2757086e+00
   5.1101092e+00
   2.1153587e+00
   3.3856975e+00
   2.3599842e+00
   2.1879687e+00
   4.8420981e+00
   4.4259075e+00
   2.9356653e+00
   2.4029781e-01
   1.5412776e-01
   4.5595665e+00
   4.0512637e+00
   3.3220659e+00
   1.2834916e+00
   1.0716141e+00
   1.7759664e+00
   1.1478073e+00
   3.4340873e-01
   4.2665767e-01
   5.6495617e+00
   4.6534260e+00
   3.2402841e+00
   1.2855254e+00
   1.7468428e+00
   3.0785534e+00
   1.1067698e+00
   2.2149185e+00
   5.3410290e+00
   5.7175849e+00
   5.0868517e+00
   9.7791563e-01
   5.1131998e+00
   2.7356591e-01
   4.0988148e+00
   9.8626700e-01
   2.9402314e+00
   4.1718558e-01
   3.7218045e-01
   2.5705041e+00
   3.8625507e+00
   6.2699083e+00
   5.4809991e+00
   1.3751079e+00
   3.3718721e-01
   1.1930912e+00
   1.0457055e+00
   9.4685746e-01
   3.5494916e+00
   3.8202767e+00
   5.1039069e+00
   9.5492281e-01
   1.1133073e+00
   1.4784742e+00
   2.2016996e+00
   1.4004972e+00
   4.1059244e+00
   5.7919108e+00
   2.3665153e+00
   5.9318622e+00
   4.1200370e+00
   3.6312815e+00
   3.7586209e+00
   5.4230869e+00
   5.8564679e+00
   2.3174560e+00
   3.3524908e+00
   4.4454144e+00
   3.5504421e+00
   3.1754266e+00
   7.3510068e-02
   3.8515514e+00
   3.5790904e-01
   3.6873867e+00
   1.7160460e+00
   5.2519389e+00
   5.6502540e+00
   1.2662282e+00
   9.5395486e-01
   8.2775537e-01
   5.1775121e+00
   3.9586278e-01
   5.8791519e+00
   3.7627110e+00
   1.3527913e+00
   5.8393279e+00
   4.9041314e+00
   6.0445169e+00
   4.5243259e+00
   1.6039005e+00
   5.7252026e-01
   7.5986947e-01
   2.0475763e+00
   2.6379134e-01
   5.2208854e+00
   3.7575493e-01
   4.2703064e+00
   5.4849854e+00
   3.6299226e+00
   4.4722625e+00
   5.4894383e+00
   6.4697142e-01
   6.0161821e+00
   8.0582645e-01
   2.1040463e+00
   3.2269914e+00
   4.2898519e+00
   6.1876642e+00
   6.0603526e+00
   4.6804600e+00
   2.9617398e+00
   2.7481486e-01
   2.2325339e+00
   1.7547857e+00
   1.9298937e+00
   1.1546441e+00
   1.7007680e+00
   3.5904872e+00
   4.7150881e+00
   3.1632682e+00
   2.7503643e+00
   1.7242526e+00
   3.3436905e+00
   2.7464523e+00
   1.6276918e+00
   1.6978811e+00
   4.6429633e+00
   2.0781291e+00
   4.7524080e+00
   2.5135699e+00
   2.5559623e+00
   3.2540410e+00
   2.3252804e+00
   5.4825333e+00
   4.6354087e+00
   5.8748916e+00
   4.9604644e+00
   4.2509689e+00
   4.8600601e+00
   1.5963543e+00
   7.1100162e-01
   7.7278945e-01
   5.9126547e+00
   2.1932717e+00
   9.9343603e-01
   1.6971294e+00
   3.5236266e-02
   1.1872348e+00
   2.9467073e+00
   3.4066482e+00
   8.3972095e-01
   3.0164409e+00
   2.6493931e+00
   8.8799695e-01
   5.3170680e-01
   2.7208478e+00
   4.2731932e+00
   1.8082762e+00
   3.4279066e+00
   2.1535944e+00
   5.2454459e-01
   2.6298036e+00
   6.6260164e-01
   2.6371013e+00
   2.1739936e+00
   4.1906300e+00
   2.8518997e+00
   1.9990626e+00
   5.9432810e+00
   6.3290531e-01
   5.6733415e+00
   1.4505820e+00
   3.7645813e+00
   4.9029334e+00
   1.6126567e+00
   3.6763872e+00
   4.3683767e-01
   2.8103226e+00
   2.8598044e+00
   5.3441372e+00
   2.3672583e+00
   2.9670573e+00
   3.4475799e+00
   3.5021198e-01
   4.0408821e+00
   5.4591362e+00
   2.1973764e-01
   5.9353211e+00
   4.4333585e+00
   5.0254774e+00
   2.9273399e+00
   5.3487371e+00
   3.7828993e+00
   1.4010828e+00
   4.7690655e+00
   5.5234371e+00
   3.6978183e+00
   5.3384421e+00
   5.5194112e+00
   1.0598616e+00
   5.3041295e+00
   4.5902268e-01
   4.4614501e+00
   2.7633356e+00
   3.1429229e+00
   2.3342403e-01
   6.5200204e-01
   6.8966449e-01
   4.1631844e+00
   2.1670331e+00
   3.7195707e+00
   5.2791539e+00
   4.4907055e+00
   3.1175788e+00
   5.6450477e+00
   5.3563381e+00
   2.4718411e+00
   3.0746485e+00
   3.7595201e+00
   5.0212083e+00
   3.2075378e+00
   1.0945209e+00
   8.3991834e-01
   2.8644722e+00
   4.7049117e+00
   5.1219935e+00
   1.7185785e+00
   2.7501308e+00
   4.6862040e-01
   4.4844525e+00
   3.2564734e+00
   1.8555916e-02
   1.3899296e+00
   1.5486806e+00
   1.5488612e+00
   2.6443333e+00
   3.1526502e+00
   3.4156951e+00
   4.2106722e+00
   9.3917178e-01
   6.0778645e+00
   1.0920909e+00
   1.6906391e+00
   2.8471050e+00
   2.1594804e+00
   2.9431933e+00
   2.4508450e+00
   4.5854038e+00
   3.6471222e+00
   1.8091413e+00
   5.5425243e+00
   4.8106383e+00
   3.8069204e+00
   1.0762384e-01
   1.8243467e+00
   1.8294884e+00
   8.7423511e-01
   1.8227344e+00
   5.1197992e+00
   1.5115572e-01
   2.8548729e+00
   1.3334789e+00
   4.9144187e+00
   2.4828861e+00
   4.7590820e+00
   3.2558255e+00
   3.1252409e-01
   3.8798701e+00
   2.6231986e+00
   4.6422427e+00
   2.5134700e+00
   1.3804551e+00
   4.6084597e+00
   4.5423888e+00
   5.2735767e-01
   1.6142973e+00
   2.1777982e+00
   1.7334426e+00
   5.3883221e+00
   2.7304747e+00
   2.0396862e+00
   5.2090046e+00
   4.0725335e-02
   2.9598061e+00
   6.2151443e+00
   5.1324767e+00
   2.1774061e+00
   2.2174786e+00
   4.8648625e+00
   4.3003666e-01
   1.5660302e+00
   4.4995475e+00
   2.6601885e+00
   1.6233141e+00
   5.3131982e+00
   5.5883565e+00
   2.3110614e+00
   2.1857831e+00
   6.1426209e+00
   3.3045259e+00
   4.9364926e+00
   1.7505311e+00
   9.8526158e-01
   8.4580849e-01
   4.4792581e+00
   4.4510296e+00
   1.9112966e+00
   1.3288258e+00
   5.5201854e+00
   4.8381743e+00
   4.2860502e+00
   5.5609840e+00
   2.6738928e+00
   4.8701891e+00
   4.9377486e+00
   3.2265393e+00
   2.6213750e-01
   3.4749328e+00
   2.6123868e+00
   1.4695840e+00
   4.5101907e+00
   5.0720492e+00
   5.5815688e+00
   1.7466680e+00
   4.0858927e+00
   2.7638307e+00
   2.1185677e+00
   3.8054622e+00
   3.6429444e+00
   2.9955829e+00
   1.5255670e-01
   3.1710793e+00
   4.3111797e+00
   2.6879259e-02
   3.7835468e+00
   2.8048269e+00
   1.1539505e+00
   5.4381085e+00
   2.8838030e+00
   2.5205095e+00
   2.4645475e+00
   7.3533261e-01
   5.5491466e+00
   1.7785390e+00
   3.8600756e+00
   4.4373678e-01
   2.9418169e+00
   3.7234616e+00
   1.0702226e+00
   4.8770801e+00
   2.4881999e+00
   6.1259953e-01
   4.7348790e+00
   1.5615087e+00
   6.1837430e-01
   4.8861420e+00
   1.8805427e+00
   5.6896718e+00
   2.4134202e+00
   5.3021428e-01
   1.7449083e+00
   5.9498101e+00
   5.7877198e+00
   5.0768963e+00
   5.7981988e+00
   8.8186459e-01
   4.1379690e+00
   2.1838023e+00
   5.2454851e+00
   5.1965100e+00
   1.9377637e+00
   2.8237492e+00
   6.6765065e-01
   5.9861539e-01
   1.9866800e+00
   3.5258239e+00
   4.9127508e+00
   2.9281968e+00
   2.6174462e+00
   1.6450341e+00
   4.3530484e+00
   2.1083505e+00
   5.5847794e-01
   5.1795587e+00
   7.0591389e-01
   3.6042244e+00
   6.4801511e-01
   1.8035280e+00
   3.9379027e+00
   1.9403536e+00
   5.6775577e+00
   3.6472967e+00
   2.1206069e+00
   3.5525740e+00
   2.2311778e-01
   5.5405622e+00
   5.3971451e+00
   4.4737468e+00
   2.1363611e+00
   9.2594284e-01
   2.3468012e+00
   5.8403798e+00
   5.9238041e+00
   1.1436716e+00
   3.3814811e+00
   3.1899611e-01
   5.9268909e+00
   4.1404958e+00
   5.6074453e+00
   3.4705340e+00
   4.3546670e+00
   6.2616152e+00
   5.7058296e+00
   5.7347101e+00
   1.3341653e+00
   4.8966907e+00
   5.6420619e+00
   7.9299064e-03
   3.6534467e+00
   4.8337950e+00
   3.2265296e-01
   5.3851319e+00
   4.1819901e+00
   1.2463879e+00
   4.2165669e+00
   2.0414759e+00
   2.6432191e-01
   3.5453064e+00
   8.5205247e-01
   6.1103156e+00
   4.8266769e+00
   4.7993801e+00
   5.4080573e+00
   1.2580551e+00
   1.4505928e+00
   1.2502297e+00
   4.9053245e+00
   5.9993775e+00
   1.1499148e+00
   5.4208031e-01
   5.5441593e+00
   3.6996844e+00
   7.9538243e-01
   5.7073091e+00
   1.9623289e+00
   5.7859119e+00
   1.5109503e+00
   1.7645443e+00
   1.8460109e+00
   1.3524391e+00
   3.8889873e-01
   5.6729068e+00
   4.2348451e+00
   1.0575334e+00
   2.2162012e+00
   3.3765904e+00
   1.7358548e+00
   2.2781888e+00
   3.6968663e+00
   5.4959711e+00
   3.4634032e-01
   1.5797659e+00
   5.4134674e+00
   2.2915521e+00
   3.7514078e+00
   1.4050941e+00
   3.3942155e+00
   4.8858772e-01
   1.1176073e+00
   4.2046123e+00
   3.6442929e+00
   3.9425234e+00
   5.4559050e-01
   5.2814474e+00
   6.2726000e+00
   2.2098034e+00
   1.6068990e+00
   9.9050832e-01
   5.2981628e+00
   5.0577135e+00
   3.7284307e+00
   3.7871260e+00
   5.7985736e+00
   2.8919546e+00
   4.7339030e+00
   6.4221749e-01
   2.6109720e-01
   2.9038386e+00
   4.8877497e+00
   2.5907572e+00
   5.1154879e-01
   3.6022875e+00
   6.0120068e+00
   2.7783116e+00
   1.6062687e+00
   4.9968403e+00
   1.9702968e+00
   3.6629926e+00
   4.8533936e+00
   2.0104176e+00
   3.9824721e-01
   5.2489105e-01
   4.4725863e+00
   2.1459805e+00
   5.4214938e+00
   5.0556007e+00
   5.9034953e+00
   4.7648964e+00
