0 	1.000003
0.006666667 	1.000003
0.01333333 	1.000003
0.02 	1.000004
0.02666667 	1.000004
0.03333333 	1.000004
0.04 	1.000004
0.04666667 	1.000005
0.05333333 	1.000005
0.06 	1.000005
0.06666667 	1.000005
0.07333333 	1.000005
0.08 	1.000005
0.08666667 	1.000005
0.09333333 	1.000005
0.1 	1.000005
0.1066667 	1.000005
0.1133333 	1.000005
0.12 	1.000005
0.1266667 	1.000005
0.1333333 	1.000005
0.14 	1.000005
0.1466667 	1.000005
0.1533333 	1.000005
0.16 	1.000005
0.1666667 	1.000005
0.1733333 	1.000005
0.18 	1.000005
0.1866667 	1.000005
0.1933333 	1.000005
0.2 	1.000005
0.2066667 	1.000005
0.2133333 	1.000005
0.22 	1.000005
0.2266667 	1.000005
0.2333333 	1.000005
0.24 	1.000005
0.2466667 	1.000005
0.2533333 	1.000005
0.26 	1.000005
0.2666667 	1.000005
0.2733333 	1.000005
0.28 	1.000005
0.2866667 	1.000005
0.2933333 	1.000005
0.3 	1.000005
0.3066667 	1.000005
0.3133333 	1.000005
0.32 	1.000005
0.3266667 	1.000005
0.3333333 	1.000004
0.34 	1.000004
0.3466667 	1.000004
0.3533333 	1.000004
0.36 	1.000004
0.3666667 	1.000004
0.3733333 	1.000004
0.38 	1.000004
0.3866667 	1.000004
0.3933333 	1.000004
0.4 	1.000004
0.4066667 	1.000004
0.4133333 	1.000004
0.42 	1.000004
0.4266667 	1.000004
0.4333333 	1.000004
0.44 	1.000004
0.4466667 	1.000004
0.4533333 	1.000004
0.46 	1.000004
0.4666667 	1.000004
0.4733333 	1.000003
0.48 	1.000003
0.4866667 	1.000003
0.4933333 	1.000003
0.5 	1.000003
0.5066667 	1.000003
0.5133333 	1.000003
0.52 	1.000003
0.5266667 	1.000003
0.5333333 	1.000003
0.54 	1.000003
0.5466667 	1.000003
0.5533333 	1.000003
0.56 	1.000003
0.5666667 	1.000003
0.5733333 	1.000002
0.58 	1.000002
0.5866667 	1.000002
0.5933333 	1.000002
0.6 	1.000002
0.6066667 	1.000002
0.6133333 	1.000002
0.62 	1.000002
0.6266667 	1.000002
0.6333333 	1.000002
0.64 	1.000002
0.6466667 	1.000002
0.6533333 	1.000002
0.66 	1.000001
0.6666667 	1.000001
0.6733333 	1.000001
0.68 	1.000001
0.6866667 	1.000001
0.6933333 	1.000001
0.7 	1.000001
0.7066667 	1.000001
0.7133333 	1.000001
0.72 	1.000001
0.7266667 	1.000001
0.7333333 	1.000001
0.74 	1.000001
0.7466667 	1.000001
0.7533333 	1.000001
0.76 	1.000001
0.7666667 	1
0.7733333 	1
0.78 	0.9999995
0.7866667 	0.9999991
0.7933333 	0.9999986
0.8 	0.9999982
0.8066667 	0.9978768
0.8133333 	0.9957554
0.82 	0.9936341
0.8266667 	0.9915127
0.8333333 	0.9893914
0.84 	0.8933229
0.8466667 	0.7972545
0.8533333 	0.7011861
0.86 	0.6051176
0.8666667 	0.5090492
0.8733333 	0.4111759
0.88 	0.3133026
0.8866667 	0.2154293
0.8933333 	0.117556
0.9 	0.01968268
0.9066667 	0.0157515
0.9133333 	0.01182031
0.92 	0.00788912
0.9266667 	0.003957932
0.9333333 	2.67437e-05
0.94 	2.139508e-05
0.9466667 	1.604646e-05
0.9533333 	1.069784e-05
0.96 	5.34922e-06
0.9666667 	5.991485e-10
0.9733333 	4.792982e-10
0.98 	3.594747e-10
0.9866667 	2.396512e-10
0.9933333 	1.198277e-10
1 	4.193201e-15
1.006667 	3.354566e-15
1.013333 	2.515931e-15
1.02 	1.677297e-15
1.026667 	8.38662e-16
1.033333 	2.727861e-20
1.04 	2.182292e-20
1.046667 	1.636724e-20
1.053333 	1.091155e-20
1.06 	5.455865e-21
1.066667 	1.78706e-25
1.073333 	1.427468e-25
1.08 	1.070605e-25
1.086667 	7.137409e-26
1.093333 	3.568771e-26
1.1 	1.334872e-30
1.106667 	1.0679e-30
1.113333 	8.009279e-31
1.12 	5.339562e-31
1.126667 	2.669844e-31
1.133333 	1.260037e-35
1.14 	1.008032e-35
1.146667 	7.560276e-36
1.153333 	5.04023e-36
1.16 	2.520185e-36
1.166667 	1.397614e-40
1.173333 	1.117086e-40
1.18 	8.378184e-41
1.186667 	5.585509e-41
1.193333 	2.792833e-41
1.2 	1.57917e-45
1.206667 	1.263339e-45
1.213333 	9.475084e-46
1.22 	6.316779e-46
1.226667 	3.158474e-46
1.233333 	1.683317e-50
1.24 	1.346657e-50
1.246667 	1.009997e-50
1.253333 	6.733365e-51
1.26 	3.366765e-51
1.266667 	1.649966e-55
1.273333 	1.318629e-55
1.28 	9.889755e-56
1.286667 	6.593219e-56
1.293333 	3.296683e-56
1.3 	1.476813e-60
1.306667 	1.181453e-60
1.313333 	8.860924e-61
1.32 	5.907323e-61
1.326667 	2.953722e-61
1.333333 	1.214894e-65
1.34 	9.719169e-66
1.346667 	7.2894e-66
1.353333 	4.859631e-66
1.36 	2.429861e-66
1.366667 	9.237185e-71
1.373333 	7.380042e-71
1.38 	5.535048e-71
1.386667 	3.690053e-71
1.393333 	1.845059e-71
1.4 	6.498007e-76
1.406667 	5.198414e-76
1.413333 	3.898821e-76
1.42 	2.599228e-76
1.426667 	1.299636e-76
1.433333 	4.266087e-81
1.44 	3.412875e-81
1.446667 	2.559663e-81
1.453333 	1.706451e-81
1.46 	8.532384e-82
1.466667 	2.625078e-86
1.473333 	2.096653e-86
1.48 	1.572493e-86
1.486667 	1.048334e-86
1.493333 	5.241745e-87
1.5 	1.512005e-91
1.506667 	1.209606e-91
1.513333 	9.072063e-92
1.52 	6.048069e-92
1.526667 	3.024076e-92
1.533333 	8.21843e-97
1.54 	6.574752e-97
1.546667 	4.931075e-97
1.553333 	3.287397e-97
1.56 	1.64372e-97
1.566667 	4.228073e-102
1.573333 	3.375887e-102
1.58 	2.531921e-102
1.586667 	1.687954e-102
1.593333 	8.439872e-103
1.6 	2.051753e-107
1.606667 	1.641404e-107
1.613333 	1.231055e-107
1.62 	8.207067e-108
1.626667 	4.103581e-108
1.633333 	9.467908e-113
1.64 	7.574334e-113
1.646667 	5.680761e-113
1.653333 	3.787188e-113
1.66 	1.893615e-113
1.666667 	4.164035e-118
1.673333 	3.323657e-118
1.68 	2.492747e-118
1.686667 	1.661837e-118
1.693333 	8.309273e-119
1.7 	1.73647e-123
1.706667 	1.389177e-123
1.713333 	1.041885e-123
1.72 	6.945921e-124
1.726667 	3.472995e-124
1.733333 	6.924638e-129
1.74 	5.539716e-129
1.746667 	4.154793e-129
1.753333 	2.769871e-129
1.76 	1.384949e-129
1.766667 	2.645406e-134
1.773333 	2.110787e-134
1.78 	1.583093e-134
1.786667 	1.055398e-134
1.793333 	5.27704e-135
1.8 	9.61625e-140
1.806667 	7.693007e-140
1.813333 	5.769763e-140
1.82 	3.84652e-140
1.826667 	1.923277e-140
1.833333 	3.356563e-145
1.84 	2.68526e-145
1.846667 	2.013958e-145
1.853333 	1.342655e-145
1.86 	6.713527e-146
1.866667 	5.011443e-150
1.873333 	4.037803e-150
1.88 	3.067519e-150
1.886667 	2.097235e-150
1.893333 	1.126951e-150
1.9 	1.566669e-151
1.906667 	1.2601e-151
1.913333 	9.535303e-152
1.92 	6.46961e-152
1.926667 	3.403918e-152
1.933333 	3.382254e-153
1.94 	2.716721e-153
1.946667 	2.051188e-153
1.953333 	1.385655e-153
1.96 	7.201223e-154
1.966667 	5.458932e-155
1.973333 	4.396194e-155
1.98 	3.333459e-155
1.986667 	2.270724e-155
1.993333 	1.207989e-155
2 	1.452547e-156
