0 	1.000003
0.006666667 	1.000003
0.01333333 	1.000004
0.02 	1.000004
0.02666667 	1.000004
0.03333333 	1.000004
0.04 	1.000004
0.04666667 	1.000004
0.05333333 	1.000004
0.06 	1.000004
0.06666667 	1.000004
0.07333333 	1.000004
0.08 	1.000004
0.08666667 	1.000004
0.09333333 	1.000004
0.1 	1.000004
0.1066667 	1.000004
0.1133333 	1.000004
0.12 	1.000004
0.1266667 	1.000005
0.1333333 	1.000005
0.14 	1.000005
0.1466667 	1.000005
0.1533333 	1.000005
0.16 	1.000005
0.1666667 	1.000005
0.1733333 	1.000004
0.18 	1.000004
0.1866667 	1.000004
0.1933333 	1.000004
0.2 	1.000003
0.2066667 	1.000003
0.2133333 	1.000004
0.22 	1.000004
0.2266667 	1.000004
0.2333333 	1.000004
0.24 	1.000004
0.2466667 	1.000004
0.2533333 	1.000005
0.26 	1.000005
0.2666667 	1.000005
0.2733333 	1.000005
0.28 	1.000005
0.2866667 	1.000005
0.2933333 	1.000005
0.3 	1.000005
0.3066667 	1.000005
0.3133333 	1.000004
0.32 	1.000004
0.3266667 	1.000004
0.3333333 	1.000004
0.34 	1.000004
0.3466667 	1.000004
0.3533333 	1.000005
0.36 	1.000005
0.3666667 	1.000005
0.3733333 	1.000005
0.38 	1.000005
0.3866667 	1.000005
0.3933333 	1.000005
0.4 	1.000005
0.4066667 	1.000005
0.4133333 	1.000004
0.42 	1.000004
0.4266667 	1.000004
0.4333333 	1.000003
0.44 	1.000004
0.4466667 	1.000004
0.4533333 	1.000004
0.46 	1.000004
0.4666667 	1.000004
0.4733333 	1.000004
0.48 	1.000004
0.4866667 	1.000004
0.4933333 	1.000003
0.5 	1.000003
0.5066667 	1.000003
0.5133333 	1.000003
0.52 	1.000003
0.5266667 	1.000003
0.5333333 	1.000003
0.54 	1.000003
0.5466667 	1.000003
0.5533333 	1.000003
0.56 	1.000003
0.5666667 	1.000003
0.5733333 	1.000003
0.58 	1.000003
0.5866667 	1.000003
0.5933333 	1.000003
0.6 	1.000003
0.6066667 	1.000003
0.6133333 	1.000003
0.62 	1.000003
0.6266667 	1.000003
0.6333333 	1.000002
0.64 	1.000002
0.6466667 	1.000002
0.6533333 	1.000002
0.66 	1.000002
0.6666667 	1.000002
0.6733333 	1.000002
0.68 	1.000002
0.6866667 	1.000002
0.6933333 	1.000002
0.7 	1.000002
0.7066667 	1.000002
0.7133333 	1.000002
0.72 	1.000001
0.7266667 	1.000001
0.7333333 	1.000001
0.74 	0.9999984
0.7466667 	0.9999956
0.7533333 	0.9999928
0.76 	0.9999899
0.7666667 	0.9999871
0.7733333 	0.9991522
0.78 	0.9983174
0.7866667 	0.9974825
0.7933333 	0.9966476
0.8 	0.9958127
0.8066667 	0.9720892
0.8133333 	0.9483657
0.82 	0.9246422
0.8266667 	0.9009186
0.8333333 	0.8771951
0.84 	0.7893887
0.8466667 	0.7015823
0.8533333 	0.6137758
0.86 	0.5259694
0.8666667 	0.438163
0.8733333 	0.3620955
0.88 	0.2860279
0.8866667 	0.2099603
0.8933333 	0.1338928
0.9 	0.05782523
0.9066667 	0.04646682
0.9133333 	0.03510841
0.92 	0.02375
0.9266667 	0.01239158
0.9333333 	0.001033171
0.94 	0.0008268982
0.9466667 	0.000620625
0.9533333 	0.0004143518
0.96 	0.0002080787
0.9666667 	1.805507e-06
0.9733333 	1.444453e-06
0.98 	1.083401e-06
0.9866667 	7.223482e-07
0.9933333 	3.612957e-07
1 	2.432738e-10
1.006667 	1.946206e-10
1.013333 	1.459674e-10
1.02 	9.731425e-11
1.026667 	4.866107e-11
1.033333 	7.889351e-15
1.04 	6.311525e-15
1.046667 	4.733699e-15
1.053333 	3.155873e-15
1.06 	1.578047e-15
1.066667 	2.21063e-19
1.073333 	1.767884e-19
1.08 	1.325926e-19
1.086667 	8.839681e-20
1.093333 	4.420104e-20
1.1 	5.267606e-24
1.106667 	4.214107e-24
1.113333 	3.160608e-24
1.12 	2.107109e-24
1.126667 	1.05361e-24
1.133333 	1.114425e-28
1.14 	8.91544e-29
1.146667 	6.686634e-29
1.153333 	4.457827e-29
1.16 	2.229021e-29
1.166667 	2.141604e-33
1.173333 	1.712399e-33
1.18 	1.284309e-33
1.186667 	8.562183e-34
1.193333 	4.281279e-34
1.2 	3.750989e-38
1.206667 	3.000803e-38
1.213333 	2.250617e-38
1.22 	1.500431e-38
1.226667 	7.502456e-39
1.233333 	5.984106e-43
1.24 	4.787302e-43
1.246667 	3.590498e-43
1.253333 	2.393694e-43
1.26 	1.196891e-43
1.266667 	8.683197e-48
1.273333 	6.941793e-48
1.28 	5.206374e-48
1.286667 	3.470954e-48
1.293333 	1.735534e-48
1.3 	1.145432e-52
1.306667 	9.163482e-53
1.313333 	6.872646e-53
1.32 	4.58181e-53
1.326667 	2.290974e-53
1.333333 	1.382086e-57
1.34 	1.105672e-57
1.346667 	8.292579e-58
1.353333 	5.528437e-58
1.36 	2.764295e-58
1.366667 	1.533423e-62
1.373333 	1.225636e-62
1.38 	9.192311e-63
1.386667 	6.12826e-63
1.393333 	3.064208e-63
1.4 	1.568193e-67
1.406667 	1.254558e-67
1.413333 	9.40922e-68
1.42 	6.272863e-68
1.426667 	3.136506e-68
1.433333 	1.489589e-72
1.44 	1.191674e-72
1.446667 	8.937584e-73
1.453333 	5.958434e-73
1.46 	2.979283e-73
1.466667 	1.320221e-77
1.473333 	1.054988e-77
1.48 	7.912435e-78
1.486667 	5.274993e-78
1.493333 	2.637551e-78
1.5 	1.092266e-82
1.506667 	8.738142e-83
1.513333 	6.553628e-83
1.52 	4.369113e-83
1.526667 	2.184599e-83
1.533333 	8.495327e-88
1.54 	6.796274e-88
1.546667 	5.097221e-88
1.553333 	3.398168e-88
1.56 	1.699115e-88
1.566667 	6.232944e-93
1.573333 	4.979568e-93
1.58 	3.734687e-93
1.586667 	2.489805e-93
1.593333 	1.244924e-93
1.6 	4.308633e-98
1.606667 	3.446912e-98
1.613333 	2.585191e-98
1.62 	1.72347e-98
1.626667 	8.617492e-99
1.633333 	2.826315e-103
1.64 	2.261055e-103
1.646667 	1.695796e-103
1.653333 	1.130536e-103
1.66 	5.652771e-104
1.666667 	1.764422e-108
1.673333 	1.409278e-108
1.68 	1.056961e-108
1.686667 	7.046444e-109
1.693333 	3.523274e-109
1.7 	1.045821e-113
1.706667 	8.366578e-114
1.713333 	6.274948e-114
1.72 	4.183319e-114
1.726667 	2.091689e-114
1.733333 	5.929413e-119
1.74 	4.743537e-119
1.746667 	3.557661e-119
1.753333 	2.371785e-119
1.76 	1.185908e-119
1.766667 	3.224484e-124
1.773333 	2.574847e-124
1.78 	1.931139e-124
1.786667 	1.287432e-124
1.793333 	6.437242e-125
1.8 	1.676544e-129
1.806667 	1.341237e-129
1.813333 	1.00593e-129
1.82 	6.706227e-130
1.826667 	3.353155e-130
1.833333 	8.400573e-135
1.84 	6.720466e-135
1.846667 	5.04036e-135
1.853333 	3.360254e-135
1.86 	1.680147e-135
1.866667 	4.066833e-140
1.873333 	3.24675e-140
1.88 	2.435067e-140
1.886667 	1.623384e-140
1.893333 	8.117017e-141
1.9 	1.894649e-145
1.906667 	1.515726e-145
1.913333 	1.136803e-145
1.92 	7.578809e-146
1.926667 	3.789583e-146
1.933333 	3.568439e-150
1.94 	2.890683e-150
1.946667 	2.212926e-150
1.953333 	1.53517e-150
1.96 	8.574134e-151
1.966667 	1.79657e-151
1.973333 	1.464144e-151
1.98 	1.131719e-151
1.986667 	7.992931e-152
1.993333 	4.668676e-152
2 	1.344422e-152
