0 	0.9999493
0.006666667 	0.9999504
0.01333333 	0.9999514
0.02 	0.9999525
0.02666667 	0.9999535
0.03333333 	0.9999545
0.04 	0.9999562
0.04666667 	0.9999579
0.05333333 	0.9999596
0.06 	0.9999613
0.06666667 	0.999963
0.07333333 	0.9999569
0.08 	0.9999508
0.08666667 	0.9999447
0.09333333 	0.9999386
0.1 	0.9999324
0.1066667 	0.9999256
0.1133333 	0.9999187
0.12 	0.9999119
0.1266667 	0.999905
0.1333333 	0.9998982
0.14 	0.9999013
0.1466667 	0.9999045
0.1533333 	0.9999076
0.16 	0.9999108
0.1666667 	0.9999139
0.1733333 	0.9999178
0.18 	0.9999217
0.1866667 	0.9999256
0.1933333 	0.9999295
0.2 	0.9999334
0.2066667 	0.9999325
0.2133333 	0.9999316
0.22 	0.9999308
0.2266667 	0.9999299
0.2333333 	0.999929
0.24 	0.9999274
0.2466667 	0.9999258
0.2533333 	0.9999242
0.26 	0.9999226
0.2666667 	0.999921
0.2733333 	0.9999253
0.28 	0.9999295
0.2866667 	0.9999338
0.2933333 	0.999938
0.3 	0.9999423
0.3066667 	0.999949
0.3133333 	0.9999558
0.32 	0.9999626
0.3266667 	0.9999693
0.3333333 	0.9999761
0.34 	0.9999782
0.3466667 	0.9999804
0.3533333 	0.9999825
0.36 	0.9999847
0.3666667 	0.9999868
0.3733333 	0.999984
0.38 	0.9999811
0.3866667 	0.9999782
0.3933333 	0.9999753
0.4 	0.9999724
0.4066667 	0.9999597
0.4133333 	0.999947
0.42 	0.9999343
0.4266667 	0.9999215
0.4333333 	0.9999088
0.44 	0.9999022
0.4466667 	0.9998956
0.4533333 	0.999889
0.46 	0.9998824
0.4666667 	0.9998758
0.4733333 	0.9998866
0.48 	0.9998974
0.4866667 	0.9999082
0.4933333 	0.999919
0.5 	0.9999298
0.5066667 	0.9999398
0.5133333 	0.9999498
0.52 	0.9999598
0.5266667 	0.9999698
0.5333333 	0.9999798
0.54 	0.9999829
0.5466667 	0.9999861
0.5533333 	0.9999892
0.56 	0.9999923
0.5666667 	0.9999955
0.5733333 	0.9999961
0.58 	0.9999967
0.5866667 	0.9999973
0.5933333 	0.9999979
0.6 	0.9999985
0.6066667 	0.9999937
0.6133333 	0.9999889
0.62 	0.999984
0.6266667 	0.9999792
0.6333333 	0.9999744
0.64 	0.9999697
0.6466667 	0.999965
0.6533333 	0.9999603
0.66 	0.9999555
0.6666667 	0.9999508
0.6733333 	0.9999538
0.68 	0.9999568
0.6866667 	0.9999599
0.6933333 	0.9999629
0.7 	0.9999659
0.7066667 	0.9999701
0.7133333 	0.9999744
0.72 	0.9999787
0.7266667 	0.999983
0.7333333 	0.9999872
0.74 	0.9999871
0.7466667 	0.9999869
0.7533333 	0.9999867
0.76 	0.9999865
0.7666667 	0.9999863
0.7733333 	0.9999699
0.78 	0.9999534
0.7866667 	0.999937
0.7933333 	0.9999205
0.8 	0.9999041
0.8066667 	0.9996972
0.8133333 	0.9994902
0.82 	0.9992833
0.8266667 	0.9990764
0.8333333 	0.9988694
0.84 	0.9939067
0.8466667 	0.9889439
0.8533333 	0.9839812
0.86 	0.9790184
0.8666667 	0.9740557
0.8733333 	0.9283405
0.88 	0.8826254
0.8866667 	0.8369102
0.8933333 	0.7911951
0.9 	0.7454799
0.9066667 	0.6559409
0.9133333 	0.566402
0.92 	0.476863
0.9266667 	0.387324
0.9333333 	0.297785
0.94 	0.2439121
0.9466667 	0.1900391
0.9533333 	0.1361662
0.96 	0.08229324
0.9666667 	0.0284203
0.9733333 	0.02294138
0.98 	0.01746246
0.9866667 	0.01198354
0.9933333 	0.006504624
1 	0.001025705
1.006667 	0.0008229785
1.013333 	0.000620252
1.02 	0.0004175256
1.026667 	0.0002147991
1.033333 	1.207259e-05
1.04 	9.660915e-06
1.046667 	7.249242e-06
1.053333 	4.837569e-06
1.06 	2.425897e-06
1.066667 	1.422386e-08
1.073333 	1.137922e-08
1.08 	8.534691e-09
1.086667 	5.690165e-09
1.093333 	2.84564e-09
1.1 	1.113845e-12
1.106667 	8.910837e-13
1.113333 	6.683227e-13
1.12 	4.455616e-13
1.126667 	2.228005e-13
1.133333 	3.945935e-17
1.14 	3.156782e-17
1.146667 	2.367629e-17
1.153333 	1.578476e-17
1.16 	7.893236e-18
1.166667 	1.708214e-21
1.173333 	1.366277e-21
1.18 	1.024735e-21
1.186667 	6.831927e-22
1.193333 	3.416505e-22
1.2 	1.083049e-25
1.206667 	8.664591e-26
1.213333 	6.498688e-26
1.22 	4.332785e-26
1.226667 	2.166882e-26
1.233333 	9.797124e-30
1.24 	7.837848e-30
1.246667 	5.878573e-30
1.253333 	3.919298e-30
1.26 	1.960022e-30
1.266667 	7.470297e-34
1.273333 	5.975539e-34
1.28 	4.481761e-34
1.286667 	2.987982e-34
1.293333 	1.494204e-34
1.3 	4.253836e-38
1.306667 	3.403106e-38
1.313333 	2.552375e-38
1.32 	1.701645e-38
1.326667 	8.509139e-39
1.333333 	1.833456e-42
1.34 	1.466777e-42
1.346667 	1.100098e-42
1.353333 	7.334193e-43
1.36 	3.667404e-43
1.366667 	6.149422e-47
1.373333 	4.918104e-47
1.38 	3.688619e-47
1.386667 	2.459135e-47
1.393333 	1.22965e-47
1.4 	1.654724e-51
1.406667 	1.323786e-51
1.413333 	9.928488e-52
1.42 	6.619113e-52
1.426667 	3.309739e-52
1.433333 	3.653638e-56
1.44 	2.922924e-56
1.446667 	2.19221e-56
1.453333 	1.461495e-56
1.46 	7.307814e-57
1.466667 	6.725804e-61
1.473333 	5.377741e-61
1.48 	4.033332e-61
1.486667 	2.688923e-61
1.493333 	1.344514e-61
1.5 	1.051589e-65
1.506667 	8.412738e-66
1.513333 	6.30959e-66
1.52 	4.206441e-66
1.526667 	2.103293e-66
1.533333 	1.445574e-70
1.54 	1.156463e-70
1.546667 	8.673515e-71
1.553333 	5.782402e-71
1.56 	2.891288e-71
1.566667 	1.742361e-75
1.573333 	1.392736e-75
1.58 	1.044557e-75
1.586667 	6.963776e-76
1.593333 	3.481983e-76
1.6 	1.892022e-80
1.606667 	1.513621e-80
1.613333 	1.135221e-80
1.62 	7.568204e-81
1.626667 	3.784199e-81
1.633333 	1.936317e-85
1.64 	1.549058e-85
1.646667 	1.161798e-85
1.653333 	7.74538e-86
1.66 	3.872782e-86
1.666667 	1.839695e-90
1.673333 	1.470211e-90
1.68 	1.102662e-90
1.686667 	7.351139e-91
1.693333 	3.675655e-91
1.7 	1.715918e-95
1.706667 	1.372737e-95
1.713333 	1.029557e-95
1.72 	6.863763e-96
1.726667 	3.431958e-96
1.733333 	1.541069e-100
1.74 	1.232858e-100
1.746667 	9.246469e-101
1.753333 	6.164358e-101
1.76 	3.082248e-101
1.766667 	1.374648e-105
1.773333 	1.098488e-105
1.78 	8.238688e-106
1.786667 	5.492499e-106
1.793333 	2.74631e-106
1.8 	1.201255e-110
1.806667 	9.610058e-111
1.813333 	7.207569e-111
1.82 	4.80508e-111
1.826667 	2.402591e-111
1.833333 	1.021352e-115
1.84 	8.170832e-116
1.846667 	6.128145e-116
1.853333 	4.085459e-116
1.86 	2.042773e-116
1.866667 	8.621953e-121
1.873333 	6.889406e-121
1.88 	5.167073e-121
1.886667 	3.444739e-121
1.893333 	1.722406e-121
1.9 	7.201365e-126
1.906667 	5.761104e-126
1.913333 	4.320843e-126
1.92 	2.880582e-126
1.926667 	1.44032e-126
1.933333 	5.933656e-131
1.94 	4.74693e-131
1.946667 	3.560204e-131
1.953333 	2.373478e-131
1.96 	1.186752e-131
1.966667 	2.634341e-136
1.973333 	2.102726e-136
1.98 	1.577045e-136
1.986667 	1.051363e-136
1.993333 	5.256815e-137
2 	6.128049e-149
