0 	1.000003
0.006666667 	1.000003
0.01333333 	1.000004
0.02 	1.000004
0.02666667 	1.000004
0.03333333 	1.000005
0.04 	1.000005
0.04666667 	1.000005
0.05333333 	1.000005
0.06 	1.000005
0.06666667 	1.000006
0.07333333 	1.000005
0.08 	1.000005
0.08666667 	1.000005
0.09333333 	1.000005
0.1 	1.000005
0.1066667 	1.000005
0.1133333 	1.000005
0.12 	1.000005
0.1266667 	1.000005
0.1333333 	1.000005
0.14 	1.000005
0.1466667 	1.000005
0.1533333 	1.000005
0.16 	1.000005
0.1666667 	1.000005
0.1733333 	1.000005
0.18 	1.000005
0.1866667 	1.000005
0.1933333 	1.000005
0.2 	1.000005
0.2066667 	1.000005
0.2133333 	1.000005
0.22 	1.000005
0.2266667 	1.000005
0.2333333 	1.000005
0.24 	1.000005
0.2466667 	1.000005
0.2533333 	1.000005
0.26 	1.000005
0.2666667 	1.000005
0.2733333 	1.000005
0.28 	1.000005
0.2866667 	1.000005
0.2933333 	1.000005
0.3 	1.000005
0.3066667 	1.000005
0.3133333 	1.000005
0.32 	1.000005
0.3266667 	1.000005
0.3333333 	1.000005
0.34 	1.000005
0.3466667 	1.000005
0.3533333 	1.000005
0.36 	1.000005
0.3666667 	1.000005
0.3733333 	1.000005
0.38 	1.000005
0.3866667 	1.000005
0.3933333 	1.000005
0.4 	1.000005
0.4066667 	1.000005
0.4133333 	1.000004
0.42 	1.000004
0.4266667 	1.000004
0.4333333 	1.000004
0.44 	1.000004
0.4466667 	1.000004
0.4533333 	1.000004
0.46 	1.000004
0.4666667 	1.000004
0.4733333 	1.000004
0.48 	1.000004
0.4866667 	1.000004
0.4933333 	1.000003
0.5 	1.000003
0.5066667 	1.000003
0.5133333 	1.000003
0.52 	1.000003
0.5266667 	1.000003
0.5333333 	1.000003
0.54 	1.000003
0.5466667 	1.000003
0.5533333 	1.000003
0.56 	1.000003
0.5666667 	1.000003
0.5733333 	1.000003
0.58 	1.000003
0.5866667 	1.000002
0.5933333 	1.000002
0.6 	1.000002
0.6066667 	1.000002
0.6133333 	1.000002
0.62 	1.000002
0.6266667 	1.000002
0.6333333 	1.000002
0.64 	1.000002
0.6466667 	1.000002
0.6533333 	1.000002
0.66 	1.000002
0.6666667 	1.000002
0.6733333 	1.000002
0.68 	1.000001
0.6866667 	1.000001
0.6933333 	1.000001
0.7 	1.000001
0.7066667 	1.000001
0.7133333 	1.000001
0.72 	1.000001
0.7266667 	1.000001
0.7333333 	1.000001
0.74 	1.000001
0.7466667 	1.000001
0.7533333 	1.000001
0.76 	1.000001
0.7666667 	1
0.7733333 	0.9999996
0.78 	0.9999988
0.7866667 	0.999998
0.7933333 	0.9999972
0.8 	0.9999963
0.8066667 	0.9973932
0.8133333 	0.9947902
0.82 	0.9921871
0.8266667 	0.989584
0.8333333 	0.9869809
0.84 	0.8909877
0.8466667 	0.7949946
0.8533333 	0.6990014
0.86 	0.6030083
0.8666667 	0.5070151
0.8733333 	0.4096285
0.88 	0.3122418
0.8866667 	0.2148552
0.8933333 	0.1174685
0.9 	0.02008186
0.9066667 	0.01607575
0.9133333 	0.01206965
0.92 	0.008063539
0.9266667 	0.004057431
0.9333333 	5.132257e-05
0.94 	4.105868e-05
0.9466667 	3.079479e-05
0.9533333 	2.05309e-05
0.96 	1.026702e-05
0.9666667 	3.129992e-09
0.9733333 	2.503958e-09
0.98 	1.877976e-09
0.9866667 	1.251993e-09
0.9933333 	6.260111e-10
1 	2.876073e-14
1.006667 	2.300863e-14
1.013333 	1.725653e-14
1.02 	1.150442e-14
1.026667 	5.752322e-15
1.033333 	2.190558e-19
1.04 	1.752449e-19
1.046667 	1.314341e-19
1.053333 	8.762322e-20
1.06 	4.381237e-20
1.066667 	1.517069e-24
1.073333 	1.211905e-24
1.08 	9.089311e-25
1.086667 	6.059575e-25
1.093333 	3.029839e-25
1.1 	1.026517e-29
1.106667 	8.212148e-30
1.113333 	6.15913e-30
1.12 	4.106112e-30
1.126667 	2.053093e-30
1.133333 	7.477015e-35
1.14 	5.981625e-35
1.146667 	4.486235e-35
1.153333 	2.990844e-35
1.16 	1.495454e-35
1.166667 	6.391995e-40
1.173333 	5.107627e-40
1.18 	3.830737e-40
1.186667 	2.553846e-40
1.193333 	1.276955e-40
1.2 	6.424508e-45
1.206667 	5.13962e-45
1.213333 	3.854733e-45
1.22 	2.569845e-45
1.226667 	1.284958e-45
1.233333 	7.012689e-50
1.24 	5.610166e-50
1.246667 	4.207644e-50
1.253333 	2.805121e-50
1.26 	1.402599e-50
1.266667 	7.639133e-55
1.273333 	6.105712e-55
1.28 	4.579304e-55
1.286667 	3.052896e-55
1.293333 	1.526487e-55
1.3 	7.911261e-60
1.306667 	6.329024e-60
1.313333 	4.746787e-60
1.32 	3.16455e-60
1.326667 	1.582313e-60
1.333333 	7.677745e-65
1.34 	6.14221e-65
1.346667 	4.606675e-65
1.353333 	3.07114e-65
1.36 	1.535605e-65
1.366667 	6.957347e-70
1.373333 	5.559748e-70
1.38 	4.169825e-70
1.386667 	2.779903e-70
1.393333 	1.389981e-70
1.4 	5.872645e-75
1.406667 	4.698125e-75
1.413333 	3.523606e-75
1.42 	2.349086e-75
1.426667 	1.174566e-75
1.433333 	4.644915e-80
1.44 	3.715939e-80
1.446667 	2.786963e-80
1.453333 	1.857987e-80
1.46 	9.290107e-81
1.466667 	3.453282e-85
1.473333 	2.758914e-85
1.48 	2.069192e-85
1.486667 	1.379469e-85
1.493333 	6.897467e-86
1.5 	2.410441e-90
1.506667 	1.928356e-90
1.513333 	1.446271e-90
1.52 	9.641858e-91
1.526667 	4.821008e-91
1.533333 	1.59044e-95
1.54 	1.272354e-95
1.546667 	9.542682e-96
1.553333 	6.361821e-96
1.56 	3.18096e-96
1.566667 	9.945249e-101
1.573333 	7.943488e-101
1.58 	5.95763e-101
1.586667 	3.971773e-101
1.593333 	1.985916e-101
1.6 	5.878064e-106
1.606667 	4.702458e-106
1.613333 	3.526852e-106
1.62 	2.351245e-106
1.626667 	1.175639e-106
1.633333 	3.306094e-111
1.64 	2.644879e-111
1.646667 	1.983664e-111
1.653333 	1.322448e-111
1.66 	6.61233e-112
1.666667 	1.7729e-116
1.673333 	1.415677e-116
1.68 	1.06176e-116
1.686667 	7.078429e-117
1.693333 	3.53926e-117
1.7 	9.027898e-122
1.706667 	7.222327e-122
1.713333 	5.416756e-122
1.72 	3.611185e-122
1.726667 	1.805615e-122
1.733333 	4.39653e-127
1.74 	3.517228e-127
1.746667 	2.637926e-127
1.753333 	1.758624e-127
1.76 	8.793223e-128
1.766667 	2.050634e-132
1.773333 	1.636992e-132
1.78 	1.227746e-132
1.786667 	8.185003e-133
1.793333 	4.092547e-133
1.8 	9.110978e-138
1.806667 	7.28879e-138
1.813333 	5.466602e-138
1.82 	3.644414e-138
1.826667 	1.822227e-138
1.833333 	3.88625e-143
1.84 	3.109003e-143
1.846667 	2.331757e-143
1.853333 	1.55451e-143
1.86 	7.772631e-144
1.866667 	1.633574e-148
1.873333 	1.306188e-148
1.88 	9.826888e-149
1.886667 	6.591891e-149
1.893333 	3.356895e-149
1.9 	1.218987e-150
1.906667 	9.791453e-151
1.913333 	7.393035e-151
1.92 	4.994618e-151
1.926667 	2.596201e-151
1.933333 	1.977835e-152
1.94 	1.590082e-152
1.946667 	1.20233e-152
1.953333 	8.145766e-153
1.96 	4.268237e-153
1.966667 	3.907074e-154
1.973333 	3.155314e-154
1.98 	2.403556e-154
1.986667 	1.651797e-154
1.993333 	9.000392e-155
2 	1.48281e-155
