0 	1.000003
0.006666667 	1.000003
0.01333333 	1.000003
0.02 	1.000002
0.02666667 	1.000002
0.03333333 	1.000002
0.04 	1.000001
0.04666667 	1.000001
0.05333333 	1.000001
0.06 	1
0.06666667 	1
0.07333333 	0.9999995
0.08 	0.999999
0.08666667 	0.9999985
0.09333333 	0.999998
0.1 	0.9999975
0.1066667 	0.999997
0.1133333 	0.9999964
0.12 	0.9999958
0.1266667 	0.9999952
0.1333333 	0.9999946
0.14 	0.9999951
0.1466667 	0.9999955
0.1533333 	0.9999959
0.16 	0.9999963
0.1666667 	0.9999967
0.1733333 	0.9999976
0.18 	0.9999984
0.1866667 	0.9999993
0.1933333 	1
0.2 	1.000001
0.2066667 	1.000001
0.2133333 	1.000001
0.22 	1.000001
0.2266667 	1.000001
0.2333333 	1.000001
0.24 	1.000001
0.2466667 	1
0.2533333 	0.9999998
0.26 	0.9999993
0.2666667 	0.9999988
0.2733333 	0.9999984
0.28 	0.999998
0.2866667 	0.9999977
0.2933333 	0.9999973
0.3 	0.9999969
0.3066667 	0.9999969
0.3133333 	0.9999968
0.32 	0.9999968
0.3266667 	0.9999967
0.3333333 	0.9999967
0.34 	0.999997
0.3466667 	0.9999973
0.3533333 	0.9999975
0.36 	0.9999978
0.3666667 	0.9999981
0.3733333 	0.9999984
0.38 	0.9999987
0.3866667 	0.999999
0.3933333 	0.9999993
0.4 	0.9999996
0.4066667 	0.9999999
0.4133333 	1
0.42 	1
0.4266667 	1.000001
0.4333333 	1.000001
0.44 	1.000002
0.4466667 	1.000002
0.4533333 	1.000003
0.46 	1.000004
0.4666667 	1.000004
0.4733333 	1.000005
0.48 	1.000006
0.4866667 	1.000007
0.4933333 	1.000008
0.5 	1.000008
0.5066667 	1.000009
0.5133333 	1.000009
0.52 	1.000009
0.5266667 	1.00001
0.5333333 	1.00001
0.54 	1.00001
0.5466667 	1.000009
0.5533333 	1.000009
0.56 	1.000009
0.5666667 	1.000009
0.5733333 	1.000008
0.58 	1.000008
0.5866667 	1.000007
0.5933333 	1.000007
0.6 	1.000006
0.6066667 	1.000006
0.6133333 	1.000005
0.62 	1.000005
0.6266667 	1.000004
0.6333333 	1.000004
0.64 	1.000003
0.6466667 	1.000003
0.6533333 	1.000002
0.66 	1.000002
0.6666667 	1.000001
0.6733333 	1.000001
0.68 	1.000001
0.6866667 	1
0.6933333 	1
0.7 	0.9999998
0.7066667 	0.9999965
0.7133333 	0.9999932
0.72 	0.99999
0.7266667 	0.9999867
0.7333333 	0.9999835
0.74 	0.999265
0.7466667 	0.9985465
0.7533333 	0.997828
0.76 	0.9971096
0.7666667 	0.9963911
0.7733333 	0.9781277
0.78 	0.9598643
0.7866667 	0.9416009
0.7933333 	0.9233375
0.8 	0.9050741
0.8066667 	0.8253305
0.8133333 	0.7455868
0.82 	0.6658432
0.8266667 	0.5860996
0.8333333 	0.506356
0.84 	0.4250665
0.8466667 	0.3437771
0.8533333 	0.2624877
0.86 	0.1811982
0.8666667 	0.09990879
0.8733333 	0.08037928
0.88 	0.06084977
0.8866667 	0.04132026
0.8933333 	0.02179075
0.9 	0.002261242
0.9066667 	0.00181766
0.9133333 	0.001374077
0.92 	0.0009304949
0.9266667 	0.0004869125
0.9333333 	4.333013e-05
0.94 	3.500614e-05
0.9466667 	2.668216e-05
0.9533333 	1.835817e-05
0.96 	1.003418e-05
0.9666667 	1.710195e-06
0.9733333 	1.383776e-06
0.98 	1.057357e-06
0.9866667 	7.309379e-07
0.9933333 	4.04519e-07
1 	7.810008e-08
1.006667 	6.309253e-08
1.013333 	4.808497e-08
1.02 	3.307742e-08
1.026667 	1.806986e-08
1.033333 	3.062305e-09
1.04 	2.451619e-09
1.046667 	1.840934e-09
1.053333 	1.230249e-09
1.06 	6.19564e-10
1.066667 	8.8788e-12
1.073333 	7.21257e-12
1.08 	5.54637e-12
1.086667 	3.880171e-12
1.093333 	2.213971e-12
1.1 	5.477714e-13
1.106667 	4.8858e-13
1.113333 	4.293885e-13
1.12 	3.701971e-13
1.126667 	3.110056e-13
1.133333 	2.518142e-13
1.14 	2.06923e-13
1.146667 	1.620319e-13
1.153333 	1.171407e-13
1.16 	7.224958e-14
1.166667 	2.735843e-14
1.173333 	2.210576e-14
1.18 	1.685308e-14
1.186667 	1.160041e-14
1.193333 	6.347743e-15
1.2 	1.095072e-15
1.206667 	8.776795e-16
1.213333 	6.602874e-16
1.22 	4.428953e-16
1.226667 	2.255032e-16
1.233333 	8.111134e-18
1.24 	6.489741e-18
1.246667 	4.868347e-18
1.253333 	3.246954e-18
1.26 	1.625561e-18
1.266667 	4.168191e-21
1.273333 	3.334517e-21
1.28 	2.500925e-21
1.286667 	1.667332e-21
1.293333 	8.337399e-22
1.3 	1.474041e-25
1.306667 	1.179241e-25
1.313333 	8.844422e-26
1.32 	5.896429e-26
1.326667 	2.948436e-26
1.333333 	4.433447e-30
1.34 	3.54678e-30
1.346667 	2.660113e-30
1.353333 	1.773446e-30
1.36 	8.867793e-31
1.366667 	1.123001e-34
1.373333 	8.980506e-35
1.38 	6.73544e-35
1.386667 	4.490374e-35
1.393333 	2.245308e-35
1.4 	2.423848e-39
1.406667 	1.939088e-39
1.413333 	1.454327e-39
1.42 	9.695668e-40
1.426667 	4.848063e-40
1.433333 	4.587218e-44
1.44 	3.66979e-44
1.446667 	2.752362e-44
1.453333 	1.834934e-44
1.46 	9.175059e-45
1.466667 	7.779276e-49
1.473333 	6.219778e-49
1.48 	4.664867e-49
1.486667 	3.109956e-49
1.493333 	1.555045e-49
1.5 	1.337517e-53
1.506667 	1.07002e-53
1.513333 	8.025218e-54
1.52 	5.35024e-54
1.526667 	2.675262e-54
1.533333 	2.834781e-58
1.54 	2.267843e-58
1.546667 	1.700904e-58
1.553333 	1.133966e-58
1.56 	5.670278e-59
1.566667 	8.953344e-63
1.573333 	7.160476e-63
1.58 	5.370442e-63
1.586667 	3.580409e-63
1.593333 	1.790376e-63
1.6 	3.42495e-67
1.606667 	2.739986e-67
1.613333 	2.055021e-67
1.62 	1.370057e-67
1.626667 	6.850919e-68
1.633333 	1.272609e-71
1.64 	1.018096e-71
1.646667 	7.635827e-72
1.653333 	5.090693e-72
1.66 	2.54556e-72
1.666667 	4.260093e-76
1.673333 	3.407082e-76
1.68 	2.555343e-76
1.686667 	1.703604e-76
1.693333 	8.518658e-77
1.7 	1.270866e-80
1.706667 	1.0167e-80
1.713333 	7.625332e-81
1.72 	5.083668e-81
1.726667 	2.542004e-81
1.733333 	3.405868e-85
1.74 	2.724711e-85
1.746667 	2.043554e-85
1.753333 	1.362397e-85
1.76 	6.8124e-86
1.766667 	8.28521e-90
1.773333 	6.62548e-90
1.78 	4.969156e-90
1.786667 	3.312832e-90
1.793333 	1.656508e-90
1.8 	1.844104e-94
1.806667 	1.475291e-94
1.813333 	1.106478e-94
1.82 	7.376646e-95
1.826667 	3.688513e-95
1.833333 	3.805809e-99
1.84 	3.044662e-99
1.846667 	2.283515e-99
1.853333 	1.522368e-99
1.86 	7.612205e-100
1.866667 	7.351561e-104
1.873333 	5.878231e-104
1.88 	4.408706e-104
1.886667 	2.939182e-104
1.893333 	1.469658e-104
1.9 	1.336951e-108
1.906667 	1.069566e-108
1.913333 	8.021799e-109
1.92 	5.347943e-109
1.926667 	2.674087e-109
1.933333 	2.305707e-113
1.94 	1.844573e-113
1.946667 	1.383439e-113
1.953333 	9.223056e-114
1.96 	4.611718e-114
1.966667 	3.794894e-118
1.973333 	3.03407e-118
1.98 	2.275553e-118
1.986667 	1.517035e-118
1.993333 	7.585176e-119
2 	8.589662e-131
