0 	0.9999443
0.006666667 	0.999946
0.01333333 	0.9999477
0.02 	0.9999494
0.02666667 	0.9999511
0.03333333 	0.9999529
0.04 	0.999956
0.04666667 	0.999959
0.05333333 	0.9999621
0.06 	0.9999652
0.06666667 	0.9999683
0.07333333 	0.9999696
0.08 	0.9999709
0.08666667 	0.9999722
0.09333333 	0.9999735
0.1 	0.9999748
0.1066667 	0.999972
0.1133333 	0.9999691
0.12 	0.9999662
0.1266667 	0.9999633
0.1333333 	0.9999605
0.14 	0.9999574
0.1466667 	0.9999543
0.1533333 	0.9999512
0.16 	0.9999481
0.1666667 	0.9999449
0.1733333 	0.9999445
0.18 	0.9999441
0.1866667 	0.9999436
0.1933333 	0.9999432
0.2 	0.9999427
0.2066667 	0.9999398
0.2133333 	0.9999368
0.22 	0.9999338
0.2266667 	0.9999308
0.2333333 	0.9999278
0.24 	0.9999247
0.2466667 	0.9999216
0.2533333 	0.9999185
0.26 	0.9999154
0.2666667 	0.9999123
0.2733333 	0.999917
0.28 	0.9999218
0.2866667 	0.9999265
0.2933333 	0.9999312
0.3 	0.999936
0.3066667 	0.9999441
0.3133333 	0.9999523
0.32 	0.9999605
0.3266667 	0.9999686
0.3333333 	0.9999768
0.34 	0.9999792
0.3466667 	0.9999816
0.3533333 	0.999984
0.36 	0.9999864
0.3666667 	0.9999888
0.3733333 	0.9999829
0.38 	0.999977
0.3866667 	0.9999711
0.3933333 	0.9999652
0.4 	0.9999593
0.4066667 	0.9999495
0.4133333 	0.9999396
0.42 	0.9999297
0.4266667 	0.9999199
0.4333333 	0.99991
0.44 	0.9999092
0.4466667 	0.9999084
0.4533333 	0.9999076
0.46 	0.9999068
0.4666667 	0.999906
0.4733333 	0.9999156
0.48 	0.9999253
0.4866667 	0.9999349
0.4933333 	0.9999446
0.5 	0.9999542
0.5066667 	0.9999615
0.5133333 	0.9999687
0.52 	0.9999759
0.5266667 	0.9999832
0.5333333 	0.9999904
0.54 	0.9999918
0.5466667 	0.9999931
0.5533333 	0.9999945
0.56 	0.9999959
0.5666667 	0.9999973
0.5733333 	0.9999943
0.58 	0.9999913
0.5866667 	0.9999883
0.5933333 	0.9999853
0.6 	0.9999823
0.6066667 	0.9999769
0.6133333 	0.9999715
0.62 	0.9999662
0.6266667 	0.9999608
0.6333333 	0.9999554
0.64 	0.9999539
0.6466667 	0.9999524
0.6533333 	0.9999509
0.66 	0.9999493
0.6666667 	0.9999478
0.6733333 	0.9999525
0.68 	0.9999571
0.6866667 	0.9999618
0.6933333 	0.9999664
0.7 	0.9999711
0.7066667 	0.9999743
0.7133333 	0.9999776
0.72 	0.9999809
0.7266667 	0.9999842
0.7333333 	0.9999875
0.74 	0.9999641
0.7466667 	0.9999406
0.7533333 	0.9999172
0.76 	0.9998938
0.7666667 	0.9998704
0.7733333 	0.9995573
0.78 	0.9992442
0.7866667 	0.9989311
0.7933333 	0.9986179
0.8 	0.9983048
0.8066667 	0.9913334
0.8133333 	0.9843619
0.82 	0.9773904
0.8266667 	0.9704189
0.8333333 	0.9634475
0.84 	0.9031604
0.8466667 	0.8428734
0.8533333 	0.7825864
0.86 	0.7222994
0.8666667 	0.6620123
0.8733333 	0.5729356
0.88 	0.4838588
0.8866667 	0.3947821
0.8933333 	0.3057053
0.9 	0.2166286
0.9066667 	0.177308
0.9133333 	0.1379874
0.92 	0.09866685
0.9266667 	0.05934627
0.9333333 	0.02002569
0.94 	0.0160986
0.9466667 	0.01217151
0.9533333 	0.008244414
0.96 	0.004317321
0.9666667 	0.0003902277
0.9733333 	0.0003124015
0.98 	0.0002345753
0.9866667 	0.0001567491
0.9933333 	7.892286e-05
1 	1.096666e-06
1.006667 	8.774145e-07
1.013333 	6.581626e-07
1.02 	4.389106e-07
1.026667 	2.196587e-07
1.033333 	4.067163e-10
1.04 	3.26208e-10
1.046667 	2.456998e-10
1.053333 	1.651915e-10
1.06 	8.468326e-11
1.066667 	4.175002e-12
1.073333 	3.363959e-12
1.08 	2.55292e-12
1.086667 	1.74188e-12
1.093333 	9.308409e-13
1.1 	1.198015e-13
1.106667 	9.602851e-14
1.113333 	7.225553e-14
1.12 	4.848255e-14
1.126667 	2.470957e-14
1.133333 	9.365846e-16
1.14 	7.520113e-16
1.146667 	5.67438e-16
1.153333 	3.828647e-16
1.16 	1.982914e-16
1.166667 	1.371811e-17
1.173333 	1.141627e-17
1.18 	9.114442e-18
1.186667 	6.812611e-18
1.193333 	4.510781e-18
1.2 	2.208951e-18
1.206667 	1.829553e-18
1.213333 	1.450156e-18
1.22 	1.070759e-18
1.226667 	6.913617e-19
1.233333 	3.119644e-19
1.24 	2.53832e-19
1.246667 	1.956995e-19
1.253333 	1.37567e-19
1.26 	7.943456e-20
1.266667 	2.130209e-20
1.273333 	1.714914e-20
1.28 	1.299618e-20
1.286667 	8.843227e-21
1.293333 	4.690272e-21
1.3 	5.373172e-22
1.306667 	4.306281e-22
1.313333 	3.23939e-22
1.32 	2.172499e-22
1.326667 	1.105607e-22
1.333333 	3.871625e-24
1.34 	3.098349e-24
1.346667 	2.325073e-24
1.353333 	1.551796e-24
1.36 	7.785195e-25
1.366667 	5.243046e-27
1.373333 	4.194565e-27
1.38 	3.146122e-27
1.386667 	2.09768e-27
1.393333 	1.049237e-27
1.4 	7.949877e-31
1.406667 	6.359973e-31
1.413333 	4.77007e-31
1.42 	3.180166e-31
1.426667 	1.590263e-31
1.433333 	3.595001e-35
1.44 	2.876029e-35
1.446667 	2.157057e-35
1.453333 	1.438085e-35
1.46 	7.191125e-36
1.466667 	1.402572e-39
1.473333 	1.12178e-39
1.48 	8.41347e-40
1.486667 	5.609142e-40
1.493333 	2.804815e-40
1.5 	4.879074e-44
1.506667 	3.90329e-44
1.513333 	2.927506e-44
1.52 	1.951722e-44
1.526667 	9.759379e-45
1.533333 	1.539362e-48
1.54 	1.231498e-48
1.546667 	9.236348e-49
1.553333 	6.157712e-49
1.56 	3.079076e-49
1.566667 	4.402334e-53
1.573333 	3.520658e-53
1.58 	2.640522e-53
1.586667 	1.760386e-53
1.593333 	8.802496e-54
1.6 	1.134191e-57
1.606667 	9.073583e-58
1.613333 	6.805254e-58
1.62 	4.536924e-58
1.626667 	2.268594e-58
1.633333 	2.636451e-62
1.64 	2.109172e-62
1.646667 	1.581893e-62
1.653333 	1.054614e-62
1.66 	5.273347e-63
1.666667 	5.558952e-67
1.673333 	4.445074e-67
1.68 	3.333832e-67
1.686667 	2.22259e-67
1.693333 	1.111349e-67
1.7 	1.069834e-71
1.706667 	8.558714e-72
1.713333 	6.419083e-72
1.72 	4.279452e-72
1.726667 	2.139821e-72
1.733333 	1.896792e-76
1.74 	1.51744e-76
1.746667 	1.138088e-76
1.753333 	7.587354e-77
1.76 	3.793833e-77
1.766667 	3.119592e-81
1.773333 	2.494166e-81
1.78 	1.870637e-81
1.786667 	1.247107e-81
1.793333 	6.235774e-82
1.8 	4.786728e-86
1.806667 	3.829396e-86
1.813333 	2.872065e-86
1.82 	1.914733e-86
1.826667 	9.574009e-87
1.833333 	6.910622e-91
1.84 	5.528516e-91
1.846667 	4.146411e-91
1.853333 	2.764305e-91
1.86 	1.3822e-91
1.866667 	9.44396e-96
1.873333 	7.549664e-96
1.88 	5.662279e-96
1.886667 	3.774894e-96
1.893333 	1.887508e-96
1.9 	1.227288e-100
1.906667 	9.818334e-101
1.913333 	7.363789e-101
1.92 	4.909244e-101
1.926667 	2.454698e-101
1.933333 	1.527839e-105
1.94 	1.222275e-105
1.946667 	9.167109e-106
1.953333 	6.111467e-106
1.96 	3.055825e-106
1.966667 	1.828315e-110
1.973333 	1.461438e-110
1.98 	1.096089e-110
1.986667 	7.307396e-111
1.993333 	3.653905e-111
2 	4.135324e-115
