0 	0.9999998
0.006666667 	0.9999994
0.01333333 	0.999999
0.02 	0.9999987
0.02666667 	0.9999983
0.03333333 	0.999998
0.04 	0.9999978
0.04666667 	0.9999977
0.05333333 	0.9999976
0.06 	0.9999975
0.06666667 	0.9999974
0.07333333 	0.9999968
0.08 	0.9999963
0.08666667 	0.9999957
0.09333333 	0.9999952
0.1 	0.9999947
0.1066667 	0.9999933
0.1133333 	0.999992
0.12 	0.9999907
0.1266667 	0.9999894
0.1333333 	0.9999881
0.14 	0.9999889
0.1466667 	0.9999897
0.1533333 	0.9999905
0.16 	0.9999913
0.1666667 	0.9999921
0.1733333 	0.9999937
0.18 	0.9999954
0.1866667 	0.999997
0.1933333 	0.9999986
0.2 	1
0.2066667 	1
0.2133333 	1
0.22 	1
0.2266667 	1
0.2333333 	1
0.24 	0.9999993
0.2466667 	0.9999986
0.2533333 	0.9999978
0.26 	0.9999971
0.2666667 	0.9999963
0.2733333 	0.9999965
0.28 	0.9999967
0.2866667 	0.9999968
0.2933333 	0.999997
0.3 	0.9999972
0.3066667 	0.9999981
0.3133333 	0.999999
0.32 	0.9999998
0.3266667 	1.000001
0.3333333 	1.000002
0.34 	1.000002
0.3466667 	1.000002
0.3533333 	1.000002
0.36 	1.000002
0.3666667 	1.000003
0.3733333 	1.000002
0.38 	1.000002
0.3866667 	1.000002
0.3933333 	1.000002
0.4 	1.000002
0.4066667 	1.000002
0.4133333 	1.000002
0.42 	1.000002
0.4266667 	1.000002
0.4333333 	1.000002
0.44 	1.000002
0.4466667 	1.000003
0.4533333 	1.000003
0.46 	1.000003
0.4666667 	1.000003
0.4733333 	1.000004
0.48 	1.000004
0.4866667 	1.000004
0.4933333 	1.000005
0.5 	1.000005
0.5066667 	1.000005
0.5133333 	1.000006
0.52 	1.000006
0.5266667 	1.000007
0.5333333 	1.000007
0.54 	1.000007
0.5466667 	1.000007
0.5533333 	1.000007
0.56 	1.000008
0.5666667 	1.000008
0.5733333 	1.000007
0.58 	1.000007
0.5866667 	1.000007
0.5933333 	1.000006
0.6 	1.000006
0.6066667 	1.000005
0.6133333 	1.000005
0.62 	1.000004
0.6266667 	1.000004
0.6333333 	1.000003
0.64 	1.000003
0.6466667 	1.000002
0.6533333 	1.000002
0.66 	1.000001
0.6666667 	1.000001
0.6733333 	1.000001
0.68 	1
0.6866667 	1
0.6933333 	0.9999999
0.7 	0.9999996
0.7066667 	0.9999397
0.7133333 	0.9998798
0.72 	0.9998199
0.7266667 	0.99976
0.7333333 	0.9997001
0.74 	0.9953311
0.7466667 	0.9909621
0.7533333 	0.986593
0.76 	0.982224
0.7666667 	0.977855
0.7733333 	0.9320099
0.78 	0.8861648
0.7866667 	0.8403197
0.7933333 	0.7944747
0.8 	0.7486296
0.8066667 	0.6572389
0.8133333 	0.5658481
0.82 	0.4744574
0.8266667 	0.3830667
0.8333333 	0.291676
0.84 	0.2376529
0.8466667 	0.1836298
0.8533333 	0.1296067
0.86 	0.07558367
0.8666667 	0.02156061
0.8733333 	0.01732118
0.88 	0.01308176
0.8866667 	0.008842337
0.8933333 	0.004602914
0.9 	0.0003634915
0.9066667 	0.0002915455
0.9133333 	0.0002195995
0.92 	0.0001476535
0.9266667 	7.570753e-05
0.9333333 	3.761534e-06
0.94 	3.028521e-06
0.9466667 	2.295507e-06
0.9533333 	1.562494e-06
0.96 	8.29481e-07
0.9666667 	9.646784e-08
0.9733333 	7.852152e-08
0.98 	6.057521e-08
0.9866667 	4.26289e-08
0.9933333 	2.468258e-08
1 	6.73627e-09
1.006667 	5.461246e-09
1.013333 	4.186222e-09
1.02 	2.911198e-09
1.026667 	1.636174e-09
1.033333 	3.611504e-10
1.04 	2.892513e-10
1.046667 	2.173523e-10
1.053333 	1.454532e-10
1.06 	7.355411e-11
1.066667 	1.655032e-12
1.073333 	1.423171e-12
1.08 	1.191314e-12
1.086667 	9.594575e-13
1.093333 	7.276004e-13
1.1 	4.957434e-13
1.106667 	4.437076e-13
1.113333 	3.916717e-13
1.12 	3.396359e-13
1.126667 	2.876e-13
1.133333 	2.355641e-13
1.14 	1.968576e-13
1.146667 	1.581511e-13
1.153333 	1.194446e-13
1.16 	8.073803e-14
1.166667 	4.20315e-14
1.173333 	3.543294e-14
1.18 	2.883438e-14
1.186667 	2.223582e-14
1.193333 	1.563726e-14
1.2 	9.038705e-15
1.206667 	7.535187e-15
1.213333 	6.031669e-15
1.22 	4.528151e-15
1.226667 	3.024632e-15
1.233333 	1.521114e-15
1.24 	1.243898e-15
1.246667 	9.666828e-16
1.253333 	6.894671e-16
1.26 	4.122513e-16
1.266667 	1.350356e-16
1.273333 	1.088726e-16
1.28 	8.270968e-17
1.286667 	5.654671e-17
1.293333 	3.038374e-17
1.3 	4.22077e-18
1.306667 	3.380791e-18
1.313333 	2.540812e-18
1.32 	1.700832e-18
1.326667 	8.608533e-19
1.333333 	2.087424e-20
1.34 	1.670086e-20
1.346667 	1.252749e-20
1.353333 	8.354109e-21
1.36 	4.180733e-21
1.366667 	7.357379e-24
1.373333 	5.88579e-24
1.38 	4.41441e-24
1.386667 	2.943029e-24
1.393333 	1.471648e-24
1.4 	2.675191e-28
1.406667 	2.14017e-28
1.413333 	1.605148e-28
1.42 	1.070126e-28
1.426667 	5.351042e-29
1.433333 	8.244073e-33
1.44 	6.595302e-33
1.446667 	4.946531e-33
1.453333 	3.29776e-33
1.46 	1.648989e-33
1.466667 	2.183106e-37
1.473333 	1.745835e-37
1.48 	1.309389e-37
1.486667 	8.729428e-38
1.493333 	4.364966e-38
1.5 	5.049287e-42
1.506667 	4.03945e-42
1.513333 	3.029614e-42
1.52 	2.019777e-42
1.526667 	1.00994e-42
1.533333 	1.033926e-46
1.54 	8.271442e-47
1.546667 	6.20363e-47
1.553333 	4.135817e-47
1.56 	2.068004e-47
1.566667 	1.913027e-51
1.573333 	1.529601e-51
1.58 	1.147209e-51
1.586667 	7.648166e-52
1.593333 	3.824244e-52
1.6 	3.209721e-56
1.606667 	2.567786e-56
1.613333 	1.925852e-56
1.62 	1.283918e-56
1.626667 	6.419836e-57
1.633333 	4.941655e-61
1.64 	3.953338e-61
1.646667 	2.965021e-61
1.653333 	1.976704e-61
1.66 	9.883873e-62
1.666667 	7.04035e-66
1.673333 	5.628345e-66
1.68 	4.221283e-66
1.686667 	2.81422e-66
1.693333 	1.407157e-66
1.7 	9.410594e-71
1.706667 	7.528499e-71
1.713333 	5.646405e-71
1.72 	3.76431e-71
1.726667 	1.882216e-71
1.733333 	1.210931e-75
1.74 	9.687478e-76
1.746667 	7.265647e-76
1.753333 	4.843817e-76
1.76 	2.421986e-76
1.766667 	1.55123e-80
1.773333 	1.240019e-80
1.78 	9.300196e-81
1.786667 	6.200198e-81
1.793333 	3.1002e-81
1.8 	2.02458e-85
1.806667 	1.619669e-85
1.813333 	1.214759e-85
1.82 	8.098482e-86
1.826667 	4.049376e-86
1.833333 	2.714453e-90
1.84 	2.171569e-90
1.846667 	1.628686e-90
1.853333 	1.085803e-90
1.86 	5.429199e-91
1.866667 	3.679293e-95
1.873333 	2.941273e-95
1.88 	2.205967e-95
1.886667 	1.470661e-95
1.893333 	7.353551e-96
1.9 	4.914017e-100
1.906667 	3.931226e-100
1.913333 	2.948436e-100
1.92 	1.965645e-100
1.926667 	9.828543e-101
1.933333 	6.359884e-105
1.94 	5.087923e-105
1.946667 	3.815962e-105
1.953333 	2.544001e-105
1.96 	1.27204e-105
1.966667 	7.949247e-110
1.973333 	6.354333e-110
1.98 	4.765779e-110
1.986667 	3.177225e-110
1.993333 	1.588671e-110
2 	1.16884e-114
