0 	0.9999389
0.006666667 	0.9999363
0.01333333 	0.9999337
0.02 	0.9999312
0.02666667 	0.9999286
0.03333333 	0.999926
0.04 	0.9999249
0.04666667 	0.9999238
0.05333333 	0.9999226
0.06 	0.9999215
0.06666667 	0.9999204
0.07333333 	0.9999199
0.08 	0.9999194
0.08666667 	0.999919
0.09333333 	0.9999185
0.1 	0.999918
0.1066667 	0.9999183
0.1133333 	0.9999185
0.12 	0.9999188
0.1266667 	0.999919
0.1333333 	0.9999192
0.14 	0.9999231
0.1466667 	0.999927
0.1533333 	0.9999309
0.16 	0.9999348
0.1666667 	0.9999386
0.1733333 	0.9999411
0.18 	0.9999435
0.1866667 	0.9999459
0.1933333 	0.9999483
0.2 	0.9999508
0.2066667 	0.99995
0.2133333 	0.9999492
0.22 	0.9999485
0.2266667 	0.9999477
0.2333333 	0.9999469
0.24 	0.9999464
0.2466667 	0.9999458
0.2533333 	0.9999453
0.26 	0.9999447
0.2666667 	0.9999442
0.2733333 	0.9999473
0.28 	0.9999504
0.2866667 	0.9999535
0.2933333 	0.9999566
0.3 	0.9999597
0.3066667 	0.9999622
0.3133333 	0.9999648
0.32 	0.9999673
0.3266667 	0.9999699
0.3333333 	0.9999724
0.34 	0.9999706
0.3466667 	0.9999687
0.3533333 	0.9999669
0.36 	0.999965
0.3666667 	0.9999632
0.3733333 	0.9999595
0.38 	0.9999558
0.3866667 	0.999952
0.3933333 	0.9999483
0.4 	0.9999446
0.4066667 	0.9999429
0.4133333 	0.9999413
0.42 	0.9999397
0.4266667 	0.9999381
0.4333333 	0.9999364
0.44 	0.999931
0.4466667 	0.9999256
0.4533333 	0.9999202
0.46 	0.9999148
0.4666667 	0.9999094
0.4733333 	0.9999086
0.48 	0.9999078
0.4866667 	0.9999069
0.4933333 	0.9999061
0.5 	0.9999053
0.5066667 	0.9999166
0.5133333 	0.9999279
0.52 	0.9999391
0.5266667 	0.9999504
0.5333333 	0.9999617
0.54 	0.9999723
0.5466667 	0.9999828
0.5533333 	0.9999934
0.56 	1.000004
0.5666667 	1.000015
0.5733333 	1.000016
0.58 	1.000017
0.5866667 	1.000018
0.5933333 	1.000019
0.6 	1.00002
0.6066667 	1.00001
0.6133333 	1
0.62 	0.9999902
0.6266667 	0.9999803
0.6333333 	0.9999704
0.64 	0.999967
0.6466667 	0.9999635
0.6533333 	0.99996
0.66 	0.9999565
0.6666667 	0.9999531
0.6733333 	0.9999591
0.68 	0.9999652
0.6866667 	0.9999712
0.6933333 	0.9999772
0.7 	0.9999833
0.7066667 	0.9999862
0.7133333 	0.9999892
0.72 	0.9999921
0.7266667 	0.9999951
0.7333333 	0.999998
0.74 	0.9999981
0.7466667 	0.9999982
0.7533333 	0.9999983
0.76 	0.9999984
0.7666667 	0.9999985
0.7733333 	0.9999887
0.78 	0.9999788
0.7866667 	0.999969
0.7933333 	0.9999591
0.8 	0.9999493
0.8066667 	0.9982745
0.8133333 	0.9965998
0.82 	0.994925
0.8266667 	0.9932503
0.8333333 	0.9915755
0.84 	0.9462686
0.8466667 	0.9009616
0.8533333 	0.8556546
0.86 	0.8103476
0.8666667 	0.7650407
0.8733333 	0.6737865
0.88 	0.5825323
0.8866667 	0.4912781
0.8933333 	0.4000239
0.9 	0.3087698
0.9066667 	0.2542417
0.9133333 	0.1997136
0.92 	0.1451856
0.9266667 	0.0906575
0.9333333 	0.03612943
0.94 	0.02905911
0.9466667 	0.02198879
0.9533333 	0.01491847
0.96 	0.00784815
0.9666667 	0.0007778298
0.9733333 	0.0006226376
0.98 	0.0004674455
0.9866667 	0.0003122534
0.9933333 	0.0001570612
1 	1.869089e-06
1.006667 	1.49532e-06
1.013333 	1.121551e-06
1.02 	7.477813e-07
1.026667 	3.740118e-07
1.033333 	2.424509e-10
1.04 	1.939616e-10
1.046667 	1.454723e-10
1.053333 	9.698305e-11
1.06 	4.849377e-11
1.066667 	4.489966e-15
1.073333 	3.590046e-15
1.08 	2.69255e-15
1.086667 	1.795054e-15
1.093333 	8.975577e-16
1.1 	6.155805e-20
1.106667 	4.924658e-20
1.113333 	3.69351e-20
1.12 	2.462363e-20
1.126667 	1.231216e-20
1.133333 	6.844543e-25
1.14 	5.475647e-25
1.146667 	4.106752e-25
1.153333 	2.737856e-25
1.16 	1.368961e-25
1.166667 	6.561965e-30
1.173333 	5.244107e-30
1.18 	3.933094e-30
1.186667 	2.62208e-30
1.193333 	1.311066e-30
1.2 	5.281582e-35
1.206667 	4.225273e-35
1.213333 	3.168963e-35
1.22 	2.112653e-35
1.226667 	1.056344e-35
1.233333 	3.431991e-40
1.24 	2.745597e-40
1.246667 	2.059202e-40
1.253333 	1.372808e-40
1.26 	6.864133e-41
1.266667 	1.884904e-45
1.273333 	1.50518e-45
1.28 	1.128887e-45
1.286667 	7.525942e-46
1.293333 	3.763016e-46
1.3 	8.960929e-51
1.306667 	7.16875e-51
1.313333 	5.376572e-51
1.32 	3.584394e-51
1.326667 	1.792216e-51
1.333333 	3.769376e-56
1.34 	3.015504e-56
1.346667 	2.261631e-56
1.353333 	1.507759e-56
1.36 	7.538868e-57
1.366667 	1.453103e-61
1.373333 	1.159468e-61
1.38 	8.696025e-62
1.386667 	5.797367e-62
1.393333 	2.898709e-62
1.4 	5.16957e-67
1.406667 	4.13566e-67
1.413333 	3.101749e-67
1.42 	2.067838e-67
1.426667 	1.033927e-67
1.433333 	1.658692e-72
1.44 	1.326954e-72
1.446667 	9.952169e-73
1.453333 	6.634796e-73
1.46 	3.317422e-73
1.466667 	4.865032e-78
1.473333 	3.878758e-78
1.48 	2.909072e-78
1.486667 	1.939386e-78
1.493333 	9.696994e-79
1.5 	1.308467e-83
1.506667 	1.046774e-83
1.513333 	7.850814e-84
1.52 	5.233886e-84
1.526667 	2.616959e-84
1.533333 	3.225803e-89
1.54 	2.580644e-89
1.546667 	1.935485e-89
1.553333 	1.290326e-89
1.56 	6.451666e-90
1.566667 	7.610623e-95
1.573333 	6.062695e-95
1.58 	4.547026e-95
1.586667 	3.031356e-95
1.593333 	1.515687e-95
1.6 	1.741604e-100
1.606667 	1.393284e-100
1.613333 	1.044964e-100
1.62 	6.96644e-101
1.626667 	3.483239e-101
1.633333 	3.827952e-106
1.64 	3.062363e-106
1.646667 	2.296774e-106
1.653333 	1.531186e-106
1.66 	7.65597e-107
1.666667 	8.255065e-112
1.673333 	6.573432e-112
1.68 	4.930078e-112
1.686667 	3.286724e-112
1.693333 	1.643371e-112
1.7 	1.705286e-117
1.706667 	1.36423e-117
1.713333 	1.023173e-117
1.72 	6.821165e-118
1.726667 	3.4106e-118
1.733333 	3.524325e-123
1.74 	2.819461e-123
1.746667 	2.114598e-123
1.753333 	1.409734e-123
1.76 	7.048707e-124
1.766667 	7.198456e-129
1.773333 	5.730571e-129
1.78 	4.297929e-129
1.786667 	2.865287e-129
1.793333 	1.432646e-129
1.8 	3.690727e-135
1.806667 	1.188893e-135
1.813333 	-1.31294e-135
1.82 	-3.814773e-135
1.826667 	-6.316606e-135
1.833333 	-8.818439e-135
1.84 	-7.218034e-135
1.846667 	-5.617629e-135
1.853333 	-4.017224e-135
1.86 	-2.416818e-135
1.866667 	-8.164134e-136
1.873333 	-6.61783e-136
1.88 	-5.071527e-136
1.886667 	-3.525224e-136
1.893333 	-1.978921e-136
1.9 	-4.326175e-137
1.906667 	-3.494644e-137
1.913333 	-2.663113e-137
1.92 	-1.831582e-137
1.926667 	-1.000051e-137
1.933333 	-1.685196e-138
1.94 	-1.358742e-138
1.946667 	-1.032288e-138
1.953333 	-7.058338e-139
1.96 	-3.793798e-139
1.966667 	-5.292572e-140
1.973333 	-4.234056e-140
1.98 	-3.175542e-140
1.986667 	-2.117028e-140
1.993333 	-1.058514e-140
2 	-1.233946e-152
