0 	0.9999662
0.006666667 	0.9999678
0.01333333 	0.9999694
0.02 	0.999971
0.02666667 	0.9999726
0.03333333 	0.9999742
0.04 	0.9999762
0.04666667 	0.9999782
0.05333333 	0.9999802
0.06 	0.9999822
0.06666667 	0.9999842
0.07333333 	0.999982
0.08 	0.9999798
0.08666667 	0.9999776
0.09333333 	0.9999755
0.1 	0.9999733
0.1066667 	0.9999663
0.1133333 	0.9999594
0.12 	0.9999525
0.1266667 	0.9999456
0.1333333 	0.9999386
0.14 	0.9999311
0.1466667 	0.9999235
0.1533333 	0.9999159
0.16 	0.9999083
0.1666667 	0.9999008
0.1733333 	0.9998952
0.18 	0.9998897
0.1866667 	0.9998842
0.1933333 	0.9998786
0.2 	0.9998731
0.2066667 	0.999869
0.2133333 	0.9998649
0.22 	0.9998609
0.2266667 	0.9998568
0.2333333 	0.9998527
0.24 	0.9998589
0.2466667 	0.999865
0.2533333 	0.9998712
0.26 	0.9998773
0.2666667 	0.9998835
0.2733333 	0.9998979
0.28 	0.9999123
0.2866667 	0.9999266
0.2933333 	0.999941
0.3 	0.9999554
0.3066667 	0.9999629
0.3133333 	0.9999703
0.32 	0.9999778
0.3266667 	0.9999853
0.3333333 	0.9999927
0.34 	0.9999936
0.3466667 	0.9999945
0.3533333 	0.9999954
0.36 	0.9999963
0.3666667 	0.9999972
0.3733333 	0.999995
0.38 	0.9999929
0.3866667 	0.9999908
0.3933333 	0.9999887
0.4 	0.9999866
0.4066667 	0.9999827
0.4133333 	0.9999788
0.42 	0.999975
0.4266667 	0.9999711
0.4333333 	0.9999672
0.44 	0.9999676
0.4466667 	0.9999681
0.4533333 	0.9999685
0.46 	0.9999689
0.4666667 	0.9999693
0.4733333 	0.9999731
0.48 	0.9999769
0.4866667 	0.9999806
0.4933333 	0.9999844
0.5 	0.9999881
0.5066667 	0.9999899
0.5133333 	0.9999917
0.52 	0.9999935
0.5266667 	0.9999953
0.5333333 	0.9999971
0.54 	0.9999972
0.5466667 	0.9999973
0.5533333 	0.9999975
0.56 	0.9999976
0.5666667 	0.9999977
0.5733333 	0.999996
0.58 	0.9999943
0.5866667 	0.9999926
0.5933333 	0.9999909
0.6 	0.9999892
0.6066667 	0.9999863
0.6133333 	0.9999834
0.62 	0.9999805
0.6266667 	0.9999777
0.6333333 	0.9999748
0.64 	0.9999754
0.6466667 	0.9999761
0.6533333 	0.9999767
0.66 	0.9999774
0.6666667 	0.999978
0.6733333 	0.999981
0.68 	0.9999841
0.6866667 	0.9999871
0.6933333 	0.9999901
0.7 	0.9999931
0.7066667 	0.999994
0.7133333 	0.9999948
0.72 	0.9999956
0.7266667 	0.9999964
0.7333333 	0.9999972
0.74 	0.9999287
0.7466667 	0.9998602
0.7533333 	0.9997917
0.76 	0.9997232
0.7666667 	0.9996547
0.7733333 	0.9946834
0.78 	0.9897121
0.7866667 	0.9847408
0.7933333 	0.9797696
0.8 	0.9747983
0.8066667 	0.9255876
0.8133333 	0.876377
0.82 	0.8271664
0.8266667 	0.7779557
0.8333333 	0.7287451
0.84 	0.6368462
0.8466667 	0.5449472
0.8533333 	0.4530483
0.86 	0.3611493
0.8666667 	0.2692504
0.8733333 	0.2185863
0.88 	0.1679222
0.8866667 	0.117258
0.8933333 	0.0665939
0.9 	0.01592978
0.9066667 	0.01280138
0.9133333 	0.009672981
0.92 	0.006544581
0.9266667 	0.003416181
0.9333333 	0.0002877809
0.94 	0.0002312378
0.9466667 	0.0001746948
0.9533333 	0.0001181517
0.96 	6.160868e-05
0.9666667 	5.065627e-06
0.9733333 	4.072818e-06
0.98 	3.08001e-06
0.9866667 	2.087202e-06
0.9933333 	1.094394e-06
1 	1.015853e-07
1.006667 	8.164439e-08
1.013333 	6.170344e-08
1.02 	4.17625e-08
1.026667 	2.182155e-08
1.033333 	1.880607e-09
1.04 	1.505504e-09
1.046667 	1.1304e-09
1.053333 	7.552972e-10
1.06 	3.80194e-10
1.066667 	5.090794e-12
1.073333 	4.072857e-12
1.08 	3.054938e-12
1.086667 	2.037019e-12
1.093333 	1.019101e-12
1.1 	1.18202e-15
1.106667 	9.52697e-16
1.113333 	7.233735e-16
1.12 	4.9405e-16
1.126667 	2.647266e-16
1.133333 	3.540312e-17
1.14 	2.877727e-17
1.146667 	2.215143e-17
1.153333 	1.552558e-17
1.16 	8.899735e-18
1.166667 	2.273888e-18
1.173333 	1.871627e-18
1.18 	1.469366e-18
1.186667 	1.067104e-18
1.193333 	6.64843e-19
1.2 	2.625817e-19
1.206667 	2.23089e-19
1.213333 	1.835962e-19
1.22 	1.441034e-19
1.226667 	1.046107e-19
1.233333 	6.51179e-20
1.24 	5.425539e-20
1.246667 	4.339287e-20
1.253333 	3.253036e-20
1.26 	2.166785e-20
1.266667 	1.080534e-20
1.273333 	8.845016e-21
1.28 	6.884692e-21
1.286667 	4.924369e-21
1.293333 	2.964045e-21
1.3 	1.003721e-21
1.306667 	8.10632e-22
1.313333 	6.175427e-22
1.32 	4.244534e-22
1.326667 	2.313641e-22
1.333333 	3.827478e-23
1.34 	3.069407e-23
1.346667 	2.311337e-23
1.353333 	1.553266e-23
1.36 	7.951948e-24
1.366667 	3.712391e-25
1.373333 	2.971039e-25
1.38 	2.22969e-25
1.386667 	1.488342e-25
1.393333 	7.469933e-26
1.4 	5.644705e-28
1.406667 	4.515945e-28
1.413333 	3.387186e-28
1.42 	2.258427e-28
1.426667 	1.129667e-28
1.433333 	9.07754e-32
1.44 	7.262112e-32
1.446667 	5.446683e-32
1.453333 	3.631254e-32
1.46 	1.815825e-32
1.466667 	3.964382e-36
1.473333 	3.170809e-36
1.48 	2.378144e-36
1.486667 	1.585479e-36
1.493333 	7.928143e-37
1.5 	1.493587e-40
1.506667 	1.19488e-40
1.513333 	8.961725e-41
1.52 	5.974655e-41
1.526667 	2.987584e-41
1.533333 	5.131619e-45
1.54 	4.105329e-45
1.546667 	3.079039e-45
1.553333 	2.052749e-45
1.56 	1.026459e-45
1.566667 	1.689659e-49
1.573333 	1.351327e-49
1.58 	1.013509e-49
1.586667 	6.756914e-50
1.593333 	3.378734e-50
1.6 	5.53534e-54
1.606667 	4.428309e-54
1.613333 	3.321277e-54
1.62 	2.214246e-54
1.626667 	1.107215e-54
1.633333 	1.840707e-58
1.64 	1.472578e-58
1.646667 	1.104449e-58
1.653333 	7.363196e-59
1.66 	3.681905e-59
1.666667 	6.137517e-63
1.673333 	4.908581e-63
1.68 	3.681485e-63
1.686667 	2.45439e-63
1.693333 	1.227294e-63
1.7 	1.98469e-67
1.706667 	1.587764e-67
1.713333 	1.190839e-67
1.72 	7.939125e-68
1.726667 	3.969866e-68
1.733333 	6.064359e-72
1.74 	4.851522e-72
1.746667 	3.638684e-72
1.753333 	2.425847e-72
1.76 	1.21301e-72
1.766667 	1.731721e-76
1.773333 	1.384901e-76
1.78 	1.038687e-76
1.786667 	6.924734e-77
1.793333 	3.462598e-77
1.8 	4.610295e-81
1.806667 	3.688259e-81
1.813333 	2.766223e-81
1.82 	1.844187e-81
1.826667 	9.221505e-82
1.833333 	1.143891e-85
1.84 	9.15118e-86
1.846667 	6.863452e-86
1.853333 	4.575723e-86
1.86 	2.287995e-86
1.866667 	2.668058e-90
1.873333 	2.133543e-90
1.88 	1.600172e-90
1.886667 	1.066801e-90
1.893333 	5.334298e-91
1.9 	5.887772e-95
1.906667 	4.710242e-95
1.913333 	3.532712e-95
1.92 	2.355183e-95
1.926667 	1.177653e-95
1.933333 	1.233078e-99
1.94 	9.864678e-100
1.946667 	7.398571e-100
1.953333 	4.932464e-100
1.96 	2.466357e-100
1.966667 	2.504553e-104
1.973333 	2.002656e-104
1.98 	1.501992e-104
1.986667 	1.001328e-104
1.993333 	5.00664e-105
2 	5.836411e-117
