0 	0.9999462
0.006666667 	0.9999431
0.01333333 	0.99994
0.02 	0.9999369
0.02666667 	0.9999338
0.03333333 	0.9999307
0.04 	0.9999283
0.04666667 	0.9999259
0.05333333 	0.9999235
0.06 	0.9999211
0.06666667 	0.9999187
0.07333333 	0.9999193
0.08 	0.9999199
0.08666667 	0.9999205
0.09333333 	0.9999211
0.1 	0.9999217
0.1066667 	0.999923
0.1133333 	0.9999242
0.12 	0.9999255
0.1266667 	0.9999267
0.1333333 	0.999928
0.14 	0.9999308
0.1466667 	0.9999335
0.1533333 	0.9999363
0.16 	0.999939
0.1666667 	0.9999418
0.1733333 	0.9999431
0.18 	0.9999444
0.1866667 	0.9999457
0.1933333 	0.9999469
0.2 	0.9999482
0.2066667 	0.9999483
0.2133333 	0.9999483
0.22 	0.9999484
0.2266667 	0.9999484
0.2333333 	0.9999485
0.24 	0.9999503
0.2466667 	0.9999522
0.2533333 	0.9999541
0.26 	0.9999559
0.2666667 	0.9999578
0.2733333 	0.9999598
0.28 	0.9999618
0.2866667 	0.9999638
0.2933333 	0.9999658
0.3 	0.9999678
0.3066667 	0.9999664
0.3133333 	0.9999649
0.32 	0.9999634
0.3266667 	0.9999619
0.3333333 	0.9999605
0.34 	0.9999584
0.3466667 	0.9999563
0.3533333 	0.9999543
0.36 	0.9999522
0.3666667 	0.9999501
0.3733333 	0.9999498
0.38 	0.9999495
0.3866667 	0.9999492
0.3933333 	0.9999489
0.4 	0.9999486
0.4066667 	0.9999462
0.4133333 	0.9999438
0.42 	0.9999414
0.4266667 	0.9999391
0.4333333 	0.9999367
0.44 	0.9999333
0.4466667 	0.9999299
0.4533333 	0.9999264
0.46 	0.999923
0.4666667 	0.9999196
0.4733333 	0.9999203
0.48 	0.9999211
0.4866667 	0.9999218
0.4933333 	0.9999226
0.5 	0.9999233
0.5066667 	0.9999306
0.5133333 	0.9999379
0.52 	0.9999452
0.5266667 	0.9999525
0.5333333 	0.9999598
0.54 	0.9999712
0.5466667 	0.9999826
0.5533333 	0.999994
0.56 	1.000005
0.5666667 	1.000017
0.5733333 	1.000016
0.58 	1.000015
0.5866667 	1.000014
0.5933333 	1.000014
0.6 	1.000013
0.6066667 	1.000001
0.6133333 	0.9999888
0.62 	0.9999767
0.6266667 	0.9999646
0.6333333 	0.9999525
0.64 	0.9999542
0.6466667 	0.9999558
0.6533333 	0.9999574
0.66 	0.9999591
0.6666667 	0.9999607
0.6733333 	0.9999651
0.68 	0.9999695
0.6866667 	0.9999739
0.6933333 	0.9999783
0.7 	0.9999828
0.7066667 	0.9999852
0.7133333 	0.9999876
0.72 	0.99999
0.7266667 	0.9999924
0.7333333 	0.9999948
0.74 	0.9999949
0.7466667 	0.9999951
0.7533333 	0.9999952
0.76 	0.9999954
0.7666667 	0.9999955
0.7733333 	0.9999895
0.78 	0.9999836
0.7866667 	0.9999776
0.7933333 	0.9999716
0.8 	0.9999657
0.8066667 	0.99511
0.8133333 	0.9902542
0.82 	0.9853985
0.8266667 	0.9805428
0.8333333 	0.9756871
0.84 	0.8756911
0.8466667 	0.7756951
0.8533333 	0.6756991
0.86 	0.5757031
0.8666667 	0.4757071
0.8733333 	0.3805657
0.88 	0.2854243
0.8866667 	0.1902829
0.8933333 	0.09514155
0.9 	1.713936e-07
0.9066667 	1.371149e-07
0.9133333 	1.028362e-07
0.92 	6.855746e-08
0.9266667 	3.427873e-08
0.9333333 	3.027634e-17
0.94 	2.422107e-17
0.9466667 	1.81658e-17
0.9533333 	1.211054e-17
0.96 	6.055268e-18
0.9666667 	3.189011e-26
0.9733333 	1.292711e-27
0.98 	9.69533e-28
0.9866667 	6.463554e-28
0.9933333 	3.231777e-28
1 	-2.583236e-75
1.006667 	-2.066589e-75
1.013333 	-1.549942e-75
1.02 	-1.033294e-75
1.026667 	-5.166472e-76
1.033333 	1.178562e-85
1.04 	9.428496e-86
1.046667 	7.071372e-86
1.053333 	4.714248e-86
1.06 	2.357124e-86
1.066667 	1.178673e-93
1.073333 	9.352415e-98
1.08 	7.014311e-98
1.086667 	4.676207e-98
1.093333 	2.338104e-98
1.1 	-1.865071e-248
1.106667 	-1.864518e-248
1.113333 	-1.863966e-248
1.12 	-1.863413e-248
1.126667 	-1.86286e-248
1.133333 	-1.862307e-248
1.14 	-1.489845e-248
1.146667 	-1.117384e-248
1.153333 	-7.449228e-249
1.16 	-3.724614e-249
1.166667 	-1.862303e-256
1.173333 	9.444982e-266
1.18 	7.083737e-266
1.186667 	4.722491e-266
1.193333 	2.361246e-266
1.2 	-1.617596e-295
1.206667 	-1.294076e-295
1.213333 	-9.705551e-296
1.22 	-6.470346e-296
1.226667 	-3.235142e-296
1.233333 	6.288379e-301
1.24 	5.030703e-301
1.246667 	3.773027e-301
1.253333 	2.515351e-301
1.26 	1.257676e-301
1.266667 	6.288387e-309
1.273333 	0
1.28 	0
1.286667 	0
1.293333 	0
1.3 	0
1.306667 	0
1.313333 	0
1.32 	0
1.326667 	0
1.333333 	0
1.34 	0
1.346667 	0
1.353333 	0
1.36 	0
1.366667 	0
1.373333 	0
1.38 	0
1.386667 	0
1.393333 	0
1.4 	0
1.406667 	0
1.413333 	0
1.42 	0
1.426667 	0
1.433333 	0
1.44 	0
1.446667 	0
1.453333 	0
1.46 	0
1.466667 	0
1.473333 	0
1.48 	0
1.486667 	0
1.493333 	0
1.5 	0
1.506667 	0
1.513333 	0
1.52 	0
1.526667 	0
1.533333 	0
1.54 	0
1.546667 	0
1.553333 	0
1.56 	0
1.566667 	0
1.573333 	0
1.58 	0
1.586667 	0
1.593333 	0
1.6 	0
1.606667 	0
1.613333 	0
1.62 	0
1.626667 	0
1.633333 	0
1.64 	0
1.646667 	0
1.653333 	0
1.66 	0
1.666667 	0
1.673333 	0
1.68 	0
1.686667 	0
1.693333 	0
1.7 	0
1.706667 	0
1.713333 	0
1.72 	0
1.726667 	0
1.733333 	0
1.74 	0
1.746667 	0
1.753333 	0
1.76 	0
1.766667 	0
1.773333 	0
1.78 	0
1.786667 	0
1.793333 	0
1.8 	0
1.806667 	0
1.813333 	0
1.82 	0
1.826667 	0
1.833333 	0
1.84 	0
1.846667 	0
1.853333 	0
1.86 	0
1.866667 	0
1.873333 	0
1.88 	0
1.886667 	0
1.893333 	0
1.9 	0
1.906667 	0
1.913333 	0
1.92 	0
1.926667 	0
1.933333 	0
1.94 	0
1.946667 	0
1.953333 	0
1.96 	0
1.966667 	0
1.973333 	0
1.98 	0
1.986667 	0
1.993333 	0
2 	0
