0 	1.000003
0.006666667 	1.000003
0.01333333 	1.000003
0.02 	1.000003
0.02666667 	1.000002
0.03333333 	1.000002
0.04 	1.000002
0.04666667 	1.000001
0.05333333 	1.000001
0.06 	1.000001
0.06666667 	1
0.07333333 	0.9999999
0.08 	0.9999994
0.08666667 	0.999999
0.09333333 	0.9999985
0.1 	0.9999981
0.1066667 	0.9999975
0.1133333 	0.9999969
0.12 	0.9999964
0.1266667 	0.9999958
0.1333333 	0.9999952
0.14 	0.9999955
0.1466667 	0.9999957
0.1533333 	0.9999959
0.16 	0.9999961
0.1666667 	0.9999964
0.1733333 	0.9999973
0.18 	0.9999982
0.1866667 	0.9999991
0.1933333 	1
0.2 	1.000001
0.2066667 	1.000001
0.2133333 	1.000002
0.22 	1.000002
0.2266667 	1.000002
0.2333333 	1.000002
0.24 	1.000002
0.2466667 	1.000002
0.2533333 	1.000001
0.26 	1.000001
0.2666667 	1
0.2733333 	0.9999998
0.28 	0.9999994
0.2866667 	0.999999
0.2933333 	0.9999986
0.3 	0.9999981
0.3066667 	0.999998
0.3133333 	0.9999978
0.32 	0.9999976
0.3266667 	0.9999974
0.3333333 	0.9999972
0.34 	0.9999973
0.3466667 	0.9999975
0.3533333 	0.9999976
0.36 	0.9999977
0.3666667 	0.9999979
0.3733333 	0.9999981
0.38 	0.9999983
0.3866667 	0.9999986
0.3933333 	0.9999988
0.4 	0.9999991
0.4066667 	0.9999992
0.4133333 	0.9999994
0.42 	0.9999996
0.4266667 	0.9999997
0.4333333 	0.9999999
0.44 	1.000001
0.4466667 	1.000001
0.4533333 	1.000002
0.46 	1.000002
0.4666667 	1.000003
0.4733333 	1.000004
0.48 	1.000005
0.4866667 	1.000006
0.4933333 	1.000007
0.5 	1.000008
0.5066667 	1.000008
0.5133333 	1.000008
0.52 	1.000008
0.5266667 	1.000009
0.5333333 	1.000009
0.54 	1.000009
0.5466667 	1.000009
0.5533333 	1.000009
0.56 	1.000009
0.5666667 	1.000009
0.5733333 	1.000008
0.58 	1.000008
0.5866667 	1.000007
0.5933333 	1.000007
0.6 	1.000007
0.6066667 	1.000006
0.6133333 	1.000006
0.62 	1.000005
0.6266667 	1.000005
0.6333333 	1.000004
0.64 	1.000004
0.6466667 	1.000003
0.6533333 	1.000003
0.66 	1.000002
0.6666667 	1.000002
0.6733333 	1.000002
0.68 	1.000001
0.6866667 	1.000001
0.6933333 	1
0.7 	1
0.7066667 	0.9999999
0.7133333 	0.9999997
0.72 	0.9999995
0.7266667 	0.9999993
0.7333333 	0.9999991
0.74 	0.999996
0.7466667 	0.9999929
0.7533333 	0.9999898
0.76 	0.9999867
0.7666667 	0.9999836
0.7733333 	0.9995915
0.78 	0.9991994
0.7866667 	0.9988073
0.7933333 	0.9984153
0.8 	0.9980232
0.8066667 	0.9848608
0.8133333 	0.9716984
0.82 	0.958536
0.8266667 	0.9453736
0.8333333 	0.9322112
0.84 	0.8601435
0.8466667 	0.7880757
0.8533333 	0.716008
0.86 	0.6439403
0.8666667 	0.5718726
0.8733333 	0.4857783
0.88 	0.399684
0.8866667 	0.3135897
0.8933333 	0.2274955
0.9 	0.1414012
0.9066667 	0.1138849
0.9133333 	0.08636853
0.92 	0.0588522
0.9266667 	0.03133588
0.9333333 	0.003819551
0.94 	0.003080152
0.9466667 	0.002340754
0.9533333 	0.001601356
0.96 	0.0008619577
0.9666667 	0.0001225595
0.9733333 	9.888236e-05
0.98 	7.520524e-05
0.9866667 	5.152813e-05
0.9933333 	2.785101e-05
1 	4.1739e-06
1.006667 	3.357903e-06
1.013333 	2.541905e-06
1.02 	1.725907e-06
1.026667 	9.099097e-07
1.033333 	9.391211e-08
1.04 	7.517248e-08
1.046667 	5.643286e-08
1.053333 	3.769324e-08
1.06 	1.895361e-08
1.066667 	2.139919e-10
1.073333 	1.71458e-10
1.08 	1.289251e-10
1.086667 	8.639221e-11
1.093333 	4.38593e-11
1.1 	1.326397e-12
1.106667 	1.177527e-12
1.113333 	1.028656e-12
1.12 	8.797854e-13
1.126667 	7.309149e-13
1.133333 	5.820443e-13
1.14 	4.867075e-13
1.146667 	3.913707e-13
1.153333 	2.960339e-13
1.16 	2.006971e-13
1.166667 	1.053603e-13
1.173333 	8.518264e-14
1.18 	6.500494e-14
1.186667 	4.482724e-14
1.193333 	2.464955e-14
1.2 	4.471849e-15
1.206667 	3.583548e-15
1.213333 	2.695248e-15
1.22 	1.806947e-15
1.226667 	9.186468e-16
1.233333 	3.034641e-17
1.24 	2.427984e-17
1.246667 	1.821328e-17
1.253333 	1.214671e-17
1.26 	6.080146e-18
1.266667 	1.358105e-20
1.273333 	1.086469e-20
1.28 	8.148624e-21
1.286667 	5.432563e-21
1.293333 	2.716501e-21
1.3 	4.400764e-25
1.306667 	3.520636e-25
1.313333 	2.640508e-25
1.32 	1.76038e-25
1.326667 	8.802518e-26
1.333333 	1.238302e-29
1.34 	9.906472e-30
1.346667 	7.429928e-30
1.353333 	4.953384e-30
1.36 	2.47684e-30
1.366667 	2.95711e-34
1.373333 	2.364709e-34
1.38 	1.773547e-34
1.386667 	1.182385e-34
1.393333 	5.912222e-35
1.4 	5.983037e-39
1.406667 	4.786451e-39
1.413333 	3.589865e-39
1.42 	2.393279e-39
1.426667 	1.196693e-39
1.433333 	1.074876e-43
1.44 	8.59904e-44
1.446667 	6.449323e-44
1.453333 	4.299607e-44
1.46 	2.149891e-44
1.466667 	1.742011e-48
1.473333 	1.392754e-48
1.48 	1.044573e-48
1.486667 	6.963914e-49
1.493333 	3.4821e-49
1.5 	2.854282e-53
1.506667 	2.283438e-53
1.513333 	1.712593e-53
1.52 	1.141748e-53
1.526667 	5.709036e-54
1.533333 	5.89697e-58
1.54 	4.717612e-58
1.546667 	3.538253e-58
1.553333 	2.358895e-58
1.56 	1.179537e-58
1.566667 	1.78677e-62
1.573333 	1.428958e-62
1.58 	1.071735e-62
1.586667 	7.145116e-63
1.593333 	3.572886e-63
1.6 	6.557538e-67
1.606667 	5.246078e-67
1.613333 	3.934617e-67
1.62 	2.623156e-67
1.626667 	1.311695e-67
1.633333 	2.345723e-71
1.64 	1.876594e-71
1.646667 	1.407464e-71
1.653333 	9.383349e-72
1.66 	4.692054e-72
1.666667 	7.590441e-76
1.673333 	6.07052e-76
1.68 	4.552945e-76
1.686667 	3.03537e-76
1.693333 	1.517795e-76
1.7 	2.19707e-80
1.706667 	1.757668e-80
1.713333 	1.318265e-80
1.72 	8.788625e-81
1.726667 	4.394599e-81
1.733333 	5.733492e-85
1.74 	4.586821e-85
1.746667 	3.44015e-85
1.753333 	2.293479e-85
1.76 	1.146807e-85
1.766667 	1.362939e-89
1.773333 	1.089898e-89
1.78 	8.174311e-90
1.786667 	5.44964e-90
1.793333 	2.724969e-90
1.8 	2.97403e-94
1.806667 	2.379236e-94
1.813333 	1.784442e-94
1.82 	1.189648e-94
1.826667 	5.948542e-95
1.833333 	6.036196e-99
1.84 	4.82898e-99
1.846667 	3.621764e-99
1.853333 	2.414547e-99
1.86 	1.207331e-99
1.866667 	1.150304e-103
1.873333 	9.197643e-104
1.88 	6.898284e-104
1.886667 	4.598925e-104
1.893333 	2.299566e-104
1.9 	2.070017e-108
1.906667 	1.656021e-108
1.913333 	1.242025e-108
1.92 	8.280282e-109
1.926667 	4.140318e-109
1.933333 	3.543347e-113
1.94 	2.834689e-113
1.946667 	2.126031e-113
1.953333 	1.417374e-113
1.96 	7.087158e-114
1.966667 	5.802898e-118
1.973333 	4.639484e-118
1.98 	3.479613e-118
1.986667 	2.319742e-118
1.993333 	1.159871e-118
2 	1.31347e-130
