0 	0.9999508
0.006666667 	0.9999516
0.01333333 	0.9999524
0.02 	0.9999532
0.02666667 	0.9999541
0.03333333 	0.9999549
0.04 	0.9999561
0.04666667 	0.9999573
0.05333333 	0.9999586
0.06 	0.9999598
0.06666667 	0.999961
0.07333333 	0.9999541
0.08 	0.9999471
0.08666667 	0.9999402
0.09333333 	0.9999333
0.1 	0.9999264
0.1066667 	0.9999188
0.1133333 	0.9999113
0.12 	0.9999037
0.1266667 	0.9998961
0.1333333 	0.9998886
0.14 	0.9998917
0.1466667 	0.9998949
0.1533333 	0.999898
0.16 	0.9999011
0.1666667 	0.9999043
0.1733333 	0.9999091
0.18 	0.9999138
0.1866667 	0.9999186
0.1933333 	0.9999234
0.2 	0.9999282
0.2066667 	0.9999279
0.2133333 	0.9999277
0.22 	0.9999274
0.2266667 	0.9999272
0.2333333 	0.9999269
0.24 	0.9999259
0.2466667 	0.9999249
0.2533333 	0.9999239
0.26 	0.999923
0.2666667 	0.999922
0.2733333 	0.9999279
0.28 	0.9999339
0.2866667 	0.9999398
0.2933333 	0.9999458
0.3 	0.9999517
0.3066667 	0.9999583
0.3133333 	0.999965
0.32 	0.9999716
0.3266667 	0.9999783
0.3333333 	0.9999849
0.34 	0.9999852
0.3466667 	0.9999855
0.3533333 	0.9999857
0.36 	0.999986
0.3666667 	0.9999863
0.3733333 	0.9999795
0.38 	0.9999728
0.3866667 	0.999966
0.3933333 	0.9999592
0.4 	0.9999524
0.4066667 	0.9999394
0.4133333 	0.9999264
0.42 	0.9999134
0.4266667 	0.9999005
0.4333333 	0.9998875
0.44 	0.9998877
0.4466667 	0.999888
0.4533333 	0.9998882
0.46 	0.9998885
0.4666667 	0.9998887
0.4733333 	0.9999025
0.48 	0.9999163
0.4866667 	0.9999301
0.4933333 	0.9999439
0.5 	0.9999577
0.5066667 	0.9999651
0.5133333 	0.9999725
0.52 	0.9999798
0.5266667 	0.9999872
0.5333333 	0.9999946
0.54 	0.9999955
0.5466667 	0.9999964
0.5533333 	0.9999973
0.56 	0.9999981
0.5666667 	0.999999
0.5733333 	0.9999968
0.58 	0.9999947
0.5866667 	0.9999925
0.5933333 	0.9999903
0.6 	0.9999881
0.6066667 	0.9999835
0.6133333 	0.9999789
0.62 	0.9999743
0.6266667 	0.9999696
0.6333333 	0.999965
0.64 	0.9999633
0.6466667 	0.9999617
0.6533333 	0.99996
0.66 	0.9999584
0.6666667 	0.9999567
0.6733333 	0.9999607
0.68 	0.9999648
0.6866667 	0.9999688
0.6933333 	0.9999729
0.7 	0.9999769
0.7066667 	0.9999803
0.7133333 	0.9999837
0.72 	0.999987
0.7266667 	0.9999904
0.7333333 	0.9999938
0.74 	0.9999907
0.7466667 	0.9999876
0.7533333 	0.9999845
0.76 	0.9999814
0.7666667 	0.9999783
0.7733333 	0.9994509
0.78 	0.9989236
0.7866667 	0.9983962
0.7933333 	0.9978688
0.8 	0.9973414
0.8066667 	0.9817251
0.8133333 	0.9661088
0.82 	0.9504924
0.8266667 	0.9348761
0.8333333 	0.9192598
0.84 	0.8428295
0.8466667 	0.7663992
0.8533333 	0.6899689
0.86 	0.6135386
0.8666667 	0.5371083
0.8733333 	0.4532629
0.88 	0.3694174
0.8866667 	0.2855719
0.8933333 	0.2017264
0.9 	0.117881
0.9066667 	0.09485241
0.9133333 	0.07182386
0.92 	0.04879531
0.9266667 	0.02576676
0.9333333 	0.002738207
0.94 	0.002204206
0.9466667 	0.001670205
0.9533333 	0.001136203
0.96 	0.000602202
0.9666667 	6.820071e-05
0.9733333 	5.490081e-05
0.98 	4.160091e-05
0.9866667 	2.830101e-05
0.9933333 	1.500111e-05
1 	1.701215e-06
1.006667 	1.371657e-06
1.013333 	1.042099e-06
1.02 	7.125407e-07
1.026667 	3.829826e-07
1.033333 	5.342445e-08
1.04 	4.276452e-08
1.046667 	3.210458e-08
1.053333 	2.144464e-08
1.06 	1.078471e-08
1.066667 	1.247715e-10
1.073333 	9.981979e-11
1.08 	7.486866e-11
1.086667 	4.991753e-11
1.093333 	2.496641e-11
1.1 	1.527619e-14
1.106667 	1.222141e-14
1.113333 	9.166627e-15
1.12 	6.111846e-15
1.126667 	3.057065e-15
1.133333 	2.284008e-18
1.14 	1.827239e-18
1.146667 	1.37047e-18
1.153333 	9.137005e-19
1.16 	4.569315e-19
1.166667 	1.623784e-22
1.173333 	1.298868e-22
1.18 	9.741799e-23
1.186667 	6.49492e-23
1.193333 	3.24804e-23
1.2 	1.16062e-26
1.206667 	9.2852e-27
1.213333 	6.964196e-27
1.22 	4.643192e-27
1.226667 	2.322188e-27
1.233333 	1.184672e-30
1.24 	9.47758e-31
1.246667 	7.108441e-31
1.253333 	4.739302e-31
1.26 	2.370164e-31
1.266667 	1.025121e-34
1.273333 	8.200151e-35
1.28 	6.150278e-35
1.286667 	4.100404e-35
1.293333 	2.05053e-35
1.3 	6.558953e-39
1.306667 	5.247225e-39
1.313333 	3.935497e-39
1.32 	2.623769e-39
1.326667 	1.312041e-39
1.333333 	3.132995e-43
1.34 	2.506419e-43
1.346667 	1.879843e-43
1.353333 	1.253267e-43
1.36 	6.26691e-44
1.366667 	1.150599e-47
1.373333 	9.202356e-48
1.38 	6.90185e-48
1.386667 	4.601345e-48
1.393333 	2.300839e-48
1.4 	3.340298e-52
1.406667 	2.672254e-52
1.413333 	2.00421e-52
1.42 	1.336166e-52
1.426667 	6.681226e-53
1.433333 	7.884132e-57
1.44 	6.307336e-57
1.446667 	4.730541e-57
1.453333 	3.153745e-57
1.46 	1.576949e-57
1.466667 	1.538213e-61
1.473333 	1.229945e-61
1.48 	9.224648e-62
1.486667 	6.14985e-62
1.493333 	3.075052e-62
1.5 	2.538401e-66
1.506667 	2.030728e-66
1.513333 	1.523055e-66
1.52 	1.015382e-66
1.526667 	5.077093e-67
1.533333 	3.641959e-71
1.54 	2.913577e-71
1.546667 	2.185194e-71
1.553333 	1.456811e-71
1.56 	7.284284e-72
1.566667 	4.566624e-76
1.573333 	3.650396e-76
1.58 	2.73781e-76
1.586667 	1.825224e-76
1.593333 	9.126375e-77
1.6 	5.137526e-81
1.606667 	4.110031e-81
1.613333 	3.082537e-81
1.62 	2.055043e-81
1.626667 	1.027548e-81
1.633333 	5.405662e-86
1.64 	4.32454e-86
1.646667 	3.243418e-86
1.653333 	2.162296e-86
1.66 	1.081174e-86
1.666667 	5.255339e-91
1.673333 	4.199957e-91
1.68 	3.14998e-91
1.686667 	2.100003e-91
1.693333 	1.050027e-91
1.7 	5.016032e-96
1.706667 	4.012835e-96
1.713333 	3.009638e-96
1.72 	2.00644e-96
1.726667 	1.003243e-96
1.733333 	4.613102e-101
1.74 	3.69049e-101
1.746667 	2.767878e-101
1.753333 	1.845266e-101
1.76 	9.226541e-102
1.766667 	4.201003e-106
1.773333 	3.357119e-106
1.78 	2.517849e-106
1.786667 	1.678578e-106
1.793333 	8.393081e-107
1.8 	3.764656e-111
1.806667 	3.011731e-111
1.813333 	2.258806e-111
1.82 	1.505882e-111
1.826667 	7.529573e-112
1.833333 	3.280858e-116
1.84 	2.624692e-116
1.846667 	1.968526e-116
1.853333 	1.31236e-116
1.86 	6.561943e-117
1.866667 	2.836696e-121
1.873333 	2.266737e-121
1.88 	1.700059e-121
1.886667 	1.133381e-121
1.893333 	5.667025e-122
1.9 	2.430663e-126
1.906667 	1.944535e-126
1.913333 	1.458406e-126
1.92 	9.722775e-127
1.926667 	4.86149e-127
1.933333 	2.049936e-131
1.94 	1.639949e-131
1.946667 	1.229961e-131
1.953333 	8.199737e-132
1.96 	4.099863e-132
1.966667 	-1.227898e-137
1.973333 	-9.987181e-138
1.98 	-7.490386e-138
1.986667 	-4.993591e-138
1.993333 	-2.496795e-138
2 	-2.9106e-150
