0 	1.000003
0.006666667 	1.000003
0.01333333 	1.000004
0.02 	1.000004
0.02666667 	1.000004
0.03333333 	1.000004
0.04 	1.000005
0.04666667 	1.000005
0.05333333 	1.000005
0.06 	1.000005
0.06666667 	1.000005
0.07333333 	1.000005
0.08 	1.000005
0.08666667 	1.000005
0.09333333 	1.000005
0.1 	1.000005
0.1066667 	1.000005
0.1133333 	1.000005
0.12 	1.000005
0.1266667 	1.000005
0.1333333 	1.000005
0.14 	1.000005
0.1466667 	1.000005
0.1533333 	1.000005
0.16 	1.000005
0.1666667 	1.000005
0.1733333 	1.000005
0.18 	1.000005
0.1866667 	1.000005
0.1933333 	1.000005
0.2 	1.000005
0.2066667 	1.000005
0.2133333 	1.000005
0.22 	1.000005
0.2266667 	1.000005
0.2333333 	1.000005
0.24 	1.000005
0.2466667 	1.000005
0.2533333 	1.000005
0.26 	1.000005
0.2666667 	1.000005
0.2733333 	1.000005
0.28 	1.000005
0.2866667 	1.000005
0.2933333 	1.000005
0.3 	1.000005
0.3066667 	1.000005
0.3133333 	1.000005
0.32 	1.000005
0.3266667 	1.000005
0.3333333 	1.000005
0.34 	1.000005
0.3466667 	1.000005
0.3533333 	1.000005
0.36 	1.000005
0.3666667 	1.000005
0.3733333 	1.000005
0.38 	1.000005
0.3866667 	1.000005
0.3933333 	1.000005
0.4 	1.000005
0.4066667 	1.000005
0.4133333 	1.000004
0.42 	1.000004
0.4266667 	1.000004
0.4333333 	1.000004
0.44 	1.000004
0.4466667 	1.000004
0.4533333 	1.000004
0.46 	1.000004
0.4666667 	1.000004
0.4733333 	1.000004
0.48 	1.000004
0.4866667 	1.000004
0.4933333 	1.000003
0.5 	1.000003
0.5066667 	1.000003
0.5133333 	1.000003
0.52 	1.000003
0.5266667 	1.000003
0.5333333 	1.000003
0.54 	1.000003
0.5466667 	1.000003
0.5533333 	1.000003
0.56 	1.000003
0.5666667 	1.000003
0.5733333 	1.000003
0.58 	1.000003
0.5866667 	1.000002
0.5933333 	1.000002
0.6 	1.000002
0.6066667 	1.000002
0.6133333 	1.000002
0.62 	1.000002
0.6266667 	1.000002
0.6333333 	1.000002
0.64 	1.000002
0.6466667 	1.000002
0.6533333 	1.000002
0.66 	1.000002
0.6666667 	1.000002
0.6733333 	1.000001
0.68 	1.000001
0.6866667 	1.000001
0.6933333 	1.000001
0.7 	1.000001
0.7066667 	1.000001
0.7133333 	1.000001
0.72 	1.000001
0.7266667 	1.000001
0.7333333 	1.000001
0.74 	1.000001
0.7466667 	1.000001
0.7533333 	1.000001
0.76 	1
0.7666667 	1
0.7733333 	0.9999986
0.78 	0.9999967
0.7866667 	0.9999949
0.7933333 	0.9999931
0.8 	0.9999913
0.8066667 	0.9965777
0.8133333 	0.9931642
0.82 	0.9897506
0.8266667 	0.9863371
0.8333333 	0.9829235
0.84 	0.8870436
0.8466667 	0.7911638
0.8533333 	0.6952839
0.86 	0.5994041
0.8666667 	0.5035242
0.8733333 	0.4069563
0.88 	0.3103884
0.8866667 	0.2138205
0.8933333 	0.1172526
0.9 	0.02068465
0.9066667 	0.01656625
0.9133333 	0.01244785
0.92 	0.008329453
0.9266667 	0.004211053
0.9333333 	9.265291e-05
0.94 	7.41255e-05
0.9466667 	5.559808e-05
0.9533333 	3.707066e-05
0.96 	1.854324e-05
0.9666667 	1.58231e-08
0.9733333 	1.265845e-08
0.98 	9.493895e-09
0.9866667 	6.32934e-09
0.9933333 	3.164785e-09
1 	2.291846e-13
1.006667 	1.833482e-13
1.013333 	1.375118e-13
1.02 	9.167539e-14
1.026667 	4.583899e-14
1.033333 	2.587595e-18
1.04 	2.070081e-18
1.046667 	1.552567e-18
1.053333 	1.035053e-18
1.06 	5.175388e-19
1.066667 	2.473644e-23
1.073333 	1.976849e-23
1.08 	1.482642e-23
1.086667 	9.884349e-24
1.093333 	4.942278e-24
1.1 	2.067069e-28
1.106667 	1.653658e-28
1.113333 	1.240248e-28
1.12 	8.268372e-29
1.126667 	4.134265e-29
1.133333 	1.591345e-33
1.14 	1.273078e-33
1.146667 	9.548118e-34
1.153333 	6.365452e-34
1.16 	3.182785e-34
1.166667 	1.189421e-38
1.173333 	9.502658e-39
1.18 	7.127016e-39
1.186667 	4.751374e-39
1.193333 	2.375733e-39
1.2 	9.138396e-44
1.206667 	7.310733e-44
1.213333 	5.483069e-44
1.22 	3.655405e-44
1.226667 	1.827741e-44
1.233333 	7.716225e-49
1.24 	6.172994e-49
1.246667 	4.629764e-49
1.253333 	3.086534e-49
1.26 	1.543304e-49
1.266667 	7.345277e-54
1.273333 	5.870064e-54
1.28 	4.402567e-54
1.286667 	2.93507e-54
1.293333 	1.467573e-54
1.3 	7.606613e-59
1.306667 	6.085307e-59
1.313333 	4.564e-59
1.32 	3.042694e-59
1.326667 	1.521388e-59
1.333333 	8.117033e-64
1.34 	6.493644e-64
1.346667 	4.870254e-64
1.353333 	3.246864e-64
1.36 	1.623475e-64
1.366667 	8.535661e-69
1.373333 	6.822053e-69
1.38 	5.116561e-69
1.386667 	3.411069e-69
1.393333 	1.705578e-69
1.4 	8.604828e-74
1.406667 	6.883879e-74
1.413333 	5.16293e-74
1.42 	3.441981e-74
1.426667 	1.721031e-74
1.433333 	8.250678e-79
1.44 	6.600557e-79
1.446667 	4.950437e-79
1.453333 	3.300316e-79
1.46 	1.650196e-79
1.466667 	7.496382e-84
1.473333 	5.990518e-84
1.48 	4.492905e-84
1.486667 	2.995291e-84
1.493333 	1.497678e-84
1.5 	6.429051e-89
1.506667 	5.143251e-89
1.513333 	3.857452e-89
1.52 	2.571652e-89
1.526667 	1.285852e-89
1.533333 	5.227472e-94
1.54 	4.181986e-94
1.546667 	3.1365e-94
1.553333 	2.091013e-94
1.56 	1.045527e-94
1.566667 	4.035944e-99
1.573333 	3.224579e-99
1.58 	2.418441e-99
1.586667 	1.612304e-99
1.593333 	8.061668e-100
1.6 	2.951826e-104
1.606667 	2.361465e-104
1.613333 	1.771104e-104
1.62 	1.180743e-104
1.626667 	5.903815e-105
1.633333 	2.056735e-109
1.64 	1.645391e-109
1.646667 	1.234046e-109
1.653333 	8.227022e-110
1.66 	4.113579e-110
1.666667 	1.367602e-114
1.673333 	1.092438e-114
1.68 	8.193307e-115
1.686667 	5.462234e-115
1.693333 	2.73116e-115
1.7 	8.650894e-120
1.706667 	6.920725e-120
1.713333 	5.190557e-120
1.72 	3.460389e-120
1.726667 	1.730221e-120
1.733333 	5.236826e-125
1.74 	4.189467e-125
1.746667 	3.142108e-125
1.753333 	2.094749e-125
1.76 	1.047389e-125
1.766667 	3.038366e-130
1.773333 	2.426507e-130
1.78 	1.819884e-130
1.786667 	1.213262e-130
1.793333 	6.066394e-131
1.8 	1.682601e-135
1.806667 	1.346082e-135
1.813333 	1.009564e-135
1.82 	6.730456e-136
1.826667 	3.365273e-136
1.833333 	8.950887e-141
1.84 	7.160718e-141
1.846667 	5.37055e-141
1.853333 	3.580382e-141
1.86 	1.790214e-141
1.866667 	4.580226e-146
1.873333 	3.657099e-146
1.88 	2.742922e-146
1.886667 	1.828745e-146
1.893333 	9.145689e-147
1.9 	3.923464e-150
1.906667 	3.174223e-150
1.913333 	2.424983e-150
1.92 	1.675743e-150
1.926667 	9.265021e-151
1.933333 	1.772617e-151
1.94 	1.42809e-151
1.946667 	1.083563e-151
1.953333 	7.390359e-152
1.96 	3.945088e-152
1.966667 	4.998178e-153
1.973333 	4.042051e-153
1.98 	3.085927e-153
1.986667 	2.129802e-153
1.993333 	1.173677e-153
2 	2.175523e-154
