0 	0.9999566
0.006666667 	0.9999586
0.01333333 	0.9999606
0.02 	0.9999626
0.02666667 	0.9999646
0.03333333 	0.9999666
0.04 	0.999969
0.04666667 	0.9999715
0.05333333 	0.9999739
0.06 	0.9999764
0.06666667 	0.9999788
0.07333333 	0.9999753
0.08 	0.9999718
0.08666667 	0.9999684
0.09333333 	0.9999649
0.1 	0.9999614
0.1066667 	0.9999535
0.1133333 	0.9999456
0.12 	0.9999377
0.1266667 	0.9999297
0.1333333 	0.9999218
0.14 	0.9999192
0.1466667 	0.9999166
0.1533333 	0.999914
0.16 	0.9999114
0.1666667 	0.9999088
0.1733333 	0.9999102
0.18 	0.9999117
0.1866667 	0.9999131
0.1933333 	0.9999145
0.2 	0.999916
0.2066667 	0.9999142
0.2133333 	0.9999123
0.22 	0.9999105
0.2266667 	0.9999087
0.2333333 	0.9999069
0.24 	0.9999073
0.2466667 	0.9999077
0.2533333 	0.9999081
0.26 	0.9999085
0.2666667 	0.999909
0.2733333 	0.9999173
0.28 	0.9999256
0.2866667 	0.9999339
0.2933333 	0.9999422
0.3 	0.9999505
0.3066667 	0.9999579
0.3133333 	0.9999653
0.32 	0.9999727
0.3266667 	0.9999801
0.3333333 	0.9999875
0.34 	0.9999874
0.3466667 	0.9999873
0.3533333 	0.9999872
0.36 	0.999987
0.3666667 	0.9999869
0.3733333 	0.9999797
0.38 	0.9999724
0.3866667 	0.9999652
0.3933333 	0.9999579
0.4 	0.9999506
0.4066667 	0.9999417
0.4133333 	0.9999329
0.42 	0.999924
0.4266667 	0.9999151
0.4333333 	0.9999062
0.44 	0.9999135
0.4466667 	0.9999208
0.4533333 	0.9999282
0.46 	0.9999355
0.4666667 	0.9999429
0.4733333 	0.9999539
0.48 	0.999965
0.4866667 	0.999976
0.4933333 	0.9999871
0.5 	0.9999982
0.5066667 	0.9999985
0.5133333 	0.9999988
0.52 	0.9999992
0.5266667 	0.9999995
0.5333333 	0.9999999
0.54 	0.9999987
0.5466667 	0.9999975
0.5533333 	0.9999963
0.56 	0.9999951
0.5666667 	0.9999939
0.5733333 	0.9999903
0.58 	0.9999867
0.5866667 	0.9999831
0.5933333 	0.9999795
0.6 	0.9999759
0.6066667 	0.9999726
0.6133333 	0.9999693
0.62 	0.9999661
0.6266667 	0.9999628
0.6333333 	0.9999596
0.64 	0.999963
0.6466667 	0.9999665
0.6533333 	0.9999699
0.66 	0.9999734
0.6666667 	0.9999769
0.6733333 	0.999981
0.68 	0.9999852
0.6866667 	0.9999894
0.6933333 	0.9999935
0.7 	0.9999977
0.7066667 	0.9999485
0.7133333 	0.9998993
0.72 	0.9998501
0.7266667 	0.9998008
0.7333333 	0.9997516
0.74 	0.9958855
0.7466667 	0.9920194
0.7533333 	0.9881533
0.76 	0.9842871
0.7666667 	0.980421
0.7733333 	0.9371393
0.78 	0.8938576
0.7866667 	0.8505759
0.7933333 	0.8072942
0.8 	0.7640125
0.8066667 	0.6724931
0.8133333 	0.5809736
0.82 	0.4894542
0.8266667 	0.3979347
0.8333333 	0.3064153
0.84 	0.2498312
0.8466667 	0.1932472
0.8533333 	0.1366631
0.86 	0.08007904
0.8666667 	0.02349497
0.8733333 	0.01888241
0.88 	0.01426985
0.8866667 	0.009657293
0.8933333 	0.005044733
0.9 	0.0004321731
0.9066667 	0.0003474747
0.9133333 	0.0002627763
0.92 	0.0001780779
0.9266667 	9.337952e-05
0.9333333 	8.681131e-06
0.94 	6.986585e-06
0.9466667 	5.29204e-06
0.9533333 	3.597495e-06
0.96 	1.90295e-06
0.9666667 	2.084046e-07
0.9733333 	1.680879e-07
0.98 	1.277713e-07
0.9866667 	8.74547e-08
0.9933333 	4.713809e-08
1 	6.821476e-09
1.006667 	5.475864e-09
1.013333 	4.130252e-09
1.02 	2.784639e-09
1.026667 	1.439027e-09
1.033333 	9.341446e-11
1.04 	7.479e-11
1.046667 	5.616555e-11
1.053333 	3.75411e-11
1.06 	1.891665e-11
1.066667 	2.921966e-13
1.073333 	2.34197e-13
1.08 	1.761982e-13
1.086667 	1.181995e-13
1.093333 	6.020083e-14
1.1 	2.202115e-15
1.106667 	1.860488e-15
1.113333 	1.51886e-15
1.12 	1.177233e-15
1.126667 	8.356053e-16
1.133333 	4.939778e-16
1.14 	4.017336e-16
1.146667 	3.094893e-16
1.153333 	2.172451e-16
1.16 	1.250009e-16
1.166667 	3.275661e-17
1.173333 	2.629435e-17
1.18 	1.983209e-17
1.186667 	1.336984e-17
1.193333 	6.907581e-18
1.2 	4.453249e-19
1.206667 	3.563937e-19
1.213333 	2.674625e-19
1.22 	1.785313e-19
1.226667 	8.960009e-20
1.233333 	6.689e-22
1.24 	5.351282e-22
1.246667 	4.013564e-22
1.253333 	2.675846e-22
1.26 	1.338128e-22
1.266667 	4.093188e-26
1.273333 	3.274034e-26
1.28 	2.45555e-26
1.286667 	1.637065e-26
1.293333 	8.185802e-27
1.3 	9.554551e-31
1.306667 	7.64368e-31
1.313333 	5.732808e-31
1.32 	3.821937e-31
1.326667 	1.911066e-31
1.333333 	1.946385e-35
1.34 	1.557115e-35
1.346667 	1.167845e-35
1.353333 	7.785745e-36
1.36 	3.893042e-36
1.366667 	3.398122e-40
1.373333 	2.71695e-40
1.38 	2.037725e-40
1.386667 	1.3585e-40
1.393333 	6.792747e-41
1.4 	4.950124e-45
1.406667 	3.960111e-45
1.413333 	2.970099e-45
1.42 	1.980086e-45
1.426667 	9.900736e-46
1.433333 	6.114256e-50
1.44 	4.891418e-50
1.446667 	3.668581e-50
1.453333 	2.445743e-50
1.46 	1.222905e-50
1.466667 	6.776364e-55
1.473333 	5.416214e-55
1.48 	4.062178e-55
1.486667 	2.708142e-55
1.493333 	1.354105e-55
1.5 	6.948799e-60
1.506667 	5.559053e-60
1.513333 	4.169308e-60
1.52 	2.779563e-60
1.526667 	1.389818e-60
1.533333 	7.251151e-65
1.54 	5.800939e-65
1.546667 	4.350726e-65
1.553333 	2.900514e-65
1.56 	1.450302e-65
1.566667 	8.99878e-70
1.573333 	7.193257e-70
1.58 	5.394985e-70
1.586667 	3.596713e-70
1.593333 	1.798441e-70
1.6 	1.696183e-74
1.606667 	1.356955e-74
1.613333 	1.017728e-74
1.62 	6.785007e-75
1.626667 	3.392733e-75
1.633333 	4.59568e-79
1.64 	3.676572e-79
1.646667 	2.757463e-79
1.653333 	1.838355e-79
1.66 	9.192462e-80
1.666667 	1.376789e-83
1.673333 	1.101072e-83
1.68 	8.258136e-84
1.686667 	5.505556e-84
1.693333 	2.752975e-84
1.7 	3.938983e-88
1.706667 	3.151207e-88
1.713333 	2.363431e-88
1.72 	1.575655e-88
1.726667 	7.878794e-89
1.733333 	1.035581e-92
1.74 	8.284697e-93
1.746667 	6.213585e-93
1.753333 	4.142472e-93
1.76 	2.07136e-93
1.766667 	2.47058e-97
1.773333 	1.975646e-97
1.78 	1.481748e-97
1.786667 	9.8785e-98
1.793333 	4.93952e-98
1.8 	5.395592e-102
1.806667 	4.316495e-102
1.813333 	3.237399e-102
1.82 	2.158302e-102
1.826667 	1.079206e-102
1.833333 	1.09466e-106
1.84 	8.757326e-107
1.846667 	6.568047e-107
1.853333 	4.378768e-107
1.86 	2.189489e-107
1.866667 	2.095253e-111
1.873333 	1.675334e-111
1.88 	1.25651e-111
1.886667 	8.376861e-112
1.893333 	4.18862e-112
1.9 	3.790198e-116
1.906667 	3.032171e-116
1.913333 	2.274145e-116
1.92 	1.516118e-116
1.926667 	7.580916e-117
1.933333 	6.502639e-121
1.94 	5.202132e-121
1.946667 	3.901626e-121
1.953333 	2.601119e-121
1.96 	1.300613e-121
1.966667 	1.061244e-125
1.973333 	8.484769e-126
1.98 	6.363602e-126
1.986667 	4.242435e-126
1.993333 	2.121268e-126
2 	1.011826e-130
