0 	1.000003
0.006666667 	1.000003
0.01333333 	1.000003
0.02 	1.000004
0.02666667 	1.000004
0.03333333 	1.000004
0.04 	1.000004
0.04666667 	1.000004
0.05333333 	1.000004
0.06 	1.000004
0.06666667 	1.000005
0.07333333 	1.000004
0.08 	1.000003
0.08666667 	1.000003
0.09333333 	1.000002
0.1 	1.000002
0.1066667 	1.000002
0.1133333 	1.000002
0.12 	1.000002
0.1266667 	1.000002
0.1333333 	1.000002
0.14 	1.000002
0.1466667 	1.000002
0.1533333 	1.000003
0.16 	1.000003
0.1666667 	1.000003
0.1733333 	1.000003
0.18 	1.000003
0.1866667 	1.000002
0.1933333 	1.000002
0.2 	1.000002
0.2066667 	1.000001
0.2133333 	1.000001
0.22 	1
0.2266667 	1
0.2333333 	0.9999997
0.24 	0.9999997
0.2466667 	0.9999996
0.2533333 	0.9999996
0.26 	0.9999995
0.2666667 	0.9999995
0.2733333 	0.9999996
0.28 	0.9999997
0.2866667 	0.9999998
0.2933333 	0.9999999
0.3 	0.9999999
0.3066667 	1
0.3133333 	1
0.32 	1.000001
0.3266667 	1.000001
0.3333333 	1.000001
0.34 	1.000001
0.3466667 	1.000001
0.3533333 	1.000001
0.36 	1.000001
0.3666667 	1.000001
0.3733333 	1.000001
0.38 	1.000001
0.3866667 	1
0.3933333 	1
0.4 	0.9999997
0.4066667 	1
0.4133333 	1
0.42 	1.000001
0.4266667 	1.000001
0.4333333 	1.000001
0.44 	1.000002
0.4466667 	1.000003
0.4533333 	1.000004
0.46 	1.000004
0.4666667 	1.000005
0.4733333 	1.000005
0.48 	1.000005
0.4866667 	1.000005
0.4933333 	1.000006
0.5 	1.000006
0.5066667 	1.000006
0.5133333 	1.000006
0.52 	1.000006
0.5266667 	1.000006
0.5333333 	1.000007
0.54 	1.000007
0.5466667 	1.000007
0.5533333 	1.000007
0.56 	1.000007
0.5666667 	1.000007
0.5733333 	1.000007
0.58 	1.000007
0.5866667 	1.000007
0.5933333 	1.000007
0.6 	1.000008
0.6066667 	1.000008
0.6133333 	1.000008
0.62 	1.000008
0.6266667 	1.000008
0.6333333 	1.000008
0.64 	1.000007
0.6466667 	1.000007
0.6533333 	1.000007
0.66 	1.000007
0.6666667 	1.000007
0.6733333 	1.000006
0.68 	1.000006
0.6866667 	1.000005
0.6933333 	1.000005
0.7 	1.000005
0.7066667 	1.000004
0.7133333 	1.000004
0.72 	1.000003
0.7266667 	1.000002
0.7333333 	1.000002
0.74 	1
0.7466667 	0.9999987
0.7533333 	0.9999972
0.76 	0.9999956
0.7666667 	0.9999941
0.7733333 	0.999977
0.78 	0.99996
0.7866667 	0.9999429
0.7933333 	0.9999259
0.8 	0.9999088
0.8066667 	0.9997266
0.8133333 	0.9995444
0.82 	0.9993622
0.8266667 	0.99918
0.8333333 	0.9989977
0.84 	0.9957381
0.8466667 	0.9924784
0.8533333 	0.9892187
0.86 	0.9859591
0.8666667 	0.9826994
0.8733333 	0.9449587
0.88 	0.9072181
0.8866667 	0.8694774
0.8933333 	0.8317367
0.9 	0.793996
0.9066667 	0.7074789
0.9133333 	0.6209617
0.92 	0.5344445
0.9266667 	0.4479273
0.9333333 	0.3614101
0.94 	0.2998284
0.9466667 	0.2382468
0.9533333 	0.1766651
0.96 	0.1150835
0.9666667 	0.05350185
0.9733333 	0.0433003
0.98 	0.03309875
0.9866667 	0.0228972
0.9933333 	0.01269565
1 	0.002494094
1.006667 	0.001999916
1.013333 	0.001505738
1.02 	0.00101156
1.026667 	0.0005173815
1.033333 	2.320352e-05
1.04 	1.856852e-05
1.046667 	1.393352e-05
1.053333 	9.298518e-06
1.06 	4.663518e-06
1.066667 	2.851758e-08
1.073333 	2.28145e-08
1.08 	1.711164e-08
1.086667 	1.140879e-08
1.093333 	5.705937e-09
1.1 	3.082619e-12
1.106667 	2.466267e-12
1.113333 	1.849915e-12
1.12 	1.233563e-12
1.126667 	6.17211e-13
1.133333 	8.589693e-16
1.14 	6.878064e-16
1.146667 	5.166436e-16
1.153333 	3.454808e-16
1.16 	1.74318e-16
1.166667 	3.155228e-18
1.173333 	2.524941e-18
1.18 	1.894662e-18
1.186667 	1.264384e-18
1.193333 	6.34105e-19
1.2 	3.826464e-21
1.206667 	3.061276e-21
1.213333 	2.296088e-21
1.22 	1.530901e-21
1.226667 	7.657134e-22
1.233333 	5.258806e-25
1.24 	4.207093e-25
1.246667 	3.155379e-25
1.253333 	2.103665e-25
1.26 	1.051952e-25
1.266667 	2.379136e-29
1.273333 	1.902906e-29
1.28 	1.427202e-29
1.286667 	9.514982e-30
1.293333 	4.75794e-30
1.3 	8.986941e-34
1.306667 	7.18961e-34
1.313333 	5.39228e-34
1.32 	3.594949e-34
1.326667 	1.797619e-34
1.333333 	2.880024e-38
1.34 	2.304035e-38
1.346667 	1.728046e-38
1.353333 	1.152057e-38
1.36 	5.760682e-39
1.366667 	7.908651e-43
1.373333 	6.324655e-43
1.38 	4.743538e-43
1.386667 	3.162422e-43
1.393333 	1.581305e-43
1.4 	1.888594e-47
1.406667 	1.510883e-47
1.413333 	1.133173e-47
1.42 	7.554618e-48
1.426667 	3.777509e-48
1.433333 	4.004684e-52
1.44 	3.203762e-52
1.446667 	2.402841e-52
1.453333 	1.60192e-52
1.46 	8.009984e-53
1.466667 	7.707095e-57
1.473333 	6.162499e-57
1.48 	4.621909e-57
1.486667 	3.081318e-57
1.493333 	1.540727e-57
1.5 	1.364252e-61
1.506667 	1.091406e-61
1.513333 	8.1856e-62
1.52 	5.457141e-62
1.526667 	2.728683e-62
1.533333 	2.239727e-66
1.54 	1.791788e-66
1.546667 	1.34385e-66
1.553333 	8.959115e-67
1.56 	4.47973e-67
1.566667 	3.450895e-71
1.573333 	2.758935e-71
1.58 	2.069214e-71
1.586667 	1.379493e-71
1.593333 	6.897715e-72
1.6 	5.045643e-76
1.606667 	4.036528e-76
1.613333 	3.027414e-76
1.62 	2.0183e-76
1.626667 	1.009186e-76
1.633333 	7.143241e-81
1.64 	5.714613e-81
1.646667 	4.285984e-81
1.653333 	2.857356e-81
1.66 	1.428728e-81
1.666667 	9.982311e-86
1.673333 	7.980162e-86
1.68 	5.985156e-86
1.686667 	3.990151e-86
1.693333 	1.995145e-86
1.7 	1.395111e-90
1.706667 	1.116092e-90
1.713333 	8.370743e-91
1.72 	5.580561e-91
1.726667 	2.790379e-91
1.733333 	1.967961e-95
1.74 	1.574374e-95
1.746667 	1.180788e-95
1.753333 	7.872011e-96
1.76 	3.936145e-96
1.766667 	2.785237e-100
1.773333 	2.226623e-100
1.78 	1.669977e-100
1.786667 	1.113331e-100
1.793333 	5.566851e-101
1.8 	3.895364e-105
1.806667 	3.116301e-105
1.813333 	2.337239e-105
1.82 	1.558177e-105
1.826667 	7.791153e-106
1.833333 	5.331071e-110
1.84 	4.264871e-110
1.846667 	3.198671e-110
1.853333 	2.132471e-110
1.86 	1.066271e-110
1.866667 	7.080553e-115
1.873333 	5.660196e-115
1.88 	4.24517e-115
1.886667 	2.830143e-115
1.893333 	1.415117e-115
1.9 	9.082562e-120
1.906667 	7.266072e-120
1.913333 	5.449582e-120
1.92 	3.633092e-120
1.926667 	1.816603e-120
1.933333 	1.128862e-124
1.94 	9.030923e-125
1.946667 	6.773227e-125
1.953333 	4.51553e-125
1.96 	2.257833e-125
1.966667 	1.364587e-129
1.973333 	1.090767e-129
1.98 	8.180752e-130
1.986667 	5.453835e-130
1.993333 	2.726917e-130
2 	3.088036e-142
