0 	0.9999453
0.006666667 	0.9999422
0.01333333 	0.9999392
0.02 	0.9999362
0.02666667 	0.9999331
0.03333333 	0.9999301
0.04 	0.9999278
0.04666667 	0.9999255
0.05333333 	0.9999233
0.06 	0.999921
0.06666667 	0.9999187
0.07333333 	0.9999194
0.08 	0.9999201
0.08666667 	0.9999209
0.09333333 	0.9999216
0.1 	0.9999223
0.1066667 	0.9999233
0.1133333 	0.9999243
0.12 	0.9999254
0.1266667 	0.9999264
0.1333333 	0.9999275
0.14 	0.9999301
0.1466667 	0.9999327
0.1533333 	0.9999352
0.16 	0.9999378
0.1666667 	0.9999404
0.1733333 	0.9999422
0.18 	0.999944
0.1866667 	0.9999458
0.1933333 	0.9999476
0.2 	0.9999494
0.2066667 	0.99995
0.2133333 	0.9999506
0.22 	0.9999511
0.2266667 	0.9999517
0.2333333 	0.9999523
0.24 	0.9999541
0.2466667 	0.9999559
0.2533333 	0.9999577
0.26 	0.9999595
0.2666667 	0.9999613
0.2733333 	0.9999632
0.28 	0.9999652
0.2866667 	0.9999671
0.2933333 	0.9999691
0.3 	0.999971
0.3066667 	0.9999698
0.3133333 	0.9999686
0.32 	0.9999674
0.3266667 	0.9999663
0.3333333 	0.9999651
0.34 	0.9999631
0.3466667 	0.9999611
0.3533333 	0.9999591
0.36 	0.9999571
0.3666667 	0.9999552
0.3733333 	0.9999546
0.38 	0.999954
0.3866667 	0.9999534
0.3933333 	0.9999528
0.4 	0.9999522
0.4066667 	0.9999497
0.4133333 	0.9999472
0.42 	0.9999447
0.4266667 	0.9999422
0.4333333 	0.9999398
0.44 	0.9999359
0.4466667 	0.999932
0.4533333 	0.9999281
0.46 	0.9999242
0.4666667 	0.9999203
0.4733333 	0.9999211
0.48 	0.9999219
0.4866667 	0.9999227
0.4933333 	0.9999235
0.5 	0.9999243
0.5066667 	0.9999323
0.5133333 	0.9999403
0.52 	0.9999482
0.5266667 	0.9999562
0.5333333 	0.9999642
0.54 	0.9999745
0.5466667 	0.9999848
0.5533333 	0.9999951
0.56 	1.000005
0.5666667 	1.000016
0.5733333 	1.000014
0.58 	1.000013
0.5866667 	1.000011
0.5933333 	1.00001
0.6 	1.000008
0.6066667 	0.9999968
0.6133333 	0.9999854
0.62 	0.999974
0.6266667 	0.9999626
0.6333333 	0.9999512
0.64 	0.9999527
0.6466667 	0.9999541
0.6533333 	0.9999555
0.66 	0.9999569
0.6666667 	0.9999584
0.6733333 	0.9999632
0.68 	0.999968
0.6866667 	0.9999728
0.6933333 	0.9999777
0.7 	0.9999825
0.7066667 	0.9999847
0.7133333 	0.9999869
0.72 	0.999989
0.7266667 	0.9999912
0.7333333 	0.9999934
0.74 	0.9999933
0.7466667 	0.9999933
0.7533333 	0.9999933
0.76 	0.9999932
0.7666667 	0.9999932
0.7733333 	0.9999344
0.78 	0.9998755
0.7866667 	0.9998167
0.7933333 	0.9997579
0.8 	0.9996991
0.8066667 	0.9874055
0.8133333 	0.9751118
0.82 	0.9628182
0.8266667 	0.9505246
0.8333333 	0.9382309
0.84 	0.8382937
0.8466667 	0.7383564
0.8533333 	0.6384192
0.86 	0.538482
0.8666667 	0.4385447
0.8733333 	0.350841
0.88 	0.2631374
0.8866667 	0.1754337
0.8933333 	0.08773
0.9 	2.632743e-05
0.9066667 	2.106195e-05
0.9133333 	1.579646e-05
0.92 	1.053098e-05
0.9266667 	5.26549e-06
0.9333333 	4.006378e-12
0.94 	3.205103e-12
0.9466667 	2.403827e-12
0.9533333 	1.602551e-12
0.96 	8.012757e-13
0.9666667 	5.208271e-20
0.9733333 	3.846129e-20
0.98 	2.884597e-20
0.9866667 	1.923065e-20
0.9933333 	9.615335e-21
1 	1.543106e-26
1.006667 	1.234485e-26
1.013333 	9.258639e-27
1.02 	6.172427e-27
1.026667 	3.086216e-27
1.033333 	3.820739e-33
1.04 	3.056591e-33
1.046667 	2.292443e-33
1.053333 	1.528296e-33
1.06 	7.641482e-34
1.066667 	6.844053e-40
1.073333 	5.169586e-40
1.08 	3.877189e-40
1.086667 	2.584793e-40
1.093333 	1.292397e-40
1.1 	6.457979e-47
1.106667 	5.166383e-47
1.113333 	3.874788e-47
1.12 	2.583192e-47
1.126667 	1.291596e-47
1.133333 	1.461831e-54
1.14 	1.169465e-54
1.146667 	8.770988e-55
1.153333 	5.847326e-55
1.16 	2.923665e-55
1.166667 	3.247614e-61
1.173333 	2.481145e-61
1.18 	1.860859e-61
1.186667 	1.240573e-61
1.193333 	6.202866e-62
1.2 	4.732606e-68
1.206667 	3.786085e-68
1.213333 	2.839564e-68
1.22 	1.893043e-68
1.226667 	9.465216e-69
1.233333 	5.023924e-75
1.24 	4.019139e-75
1.246667 	3.014355e-75
1.253333 	2.00957e-75
1.26 	1.004785e-75
1.266667 	5.367724e-82
1.273333 	3.892265e-82
1.28 	2.919199e-82
1.286667 	1.946132e-82
1.293333 	9.730664e-83
1.3 	3.733019e-89
1.306667 	2.986414e-89
1.313333 	2.239811e-89
1.32 	1.493207e-89
1.326667 	7.466041e-90
1.333333 	7.403362e-96
1.34 	5.92269e-96
1.346667 	4.442018e-96
1.353333 	2.961346e-96
1.36 	1.480673e-96
1.366667 	1.153088e-102
1.373333 	8.632436e-103
1.38 	6.474327e-103
1.386667 	4.316218e-103
1.393333 	2.15811e-103
1.4 	1.066185e-109
1.406667 	8.529475e-110
1.413333 	6.397107e-110
1.42 	4.264738e-110
1.426667 	2.132369e-110
1.433333 	4.309257e-117
1.44 	3.44264e-117
1.446667 	2.576022e-117
1.453333 	1.709405e-117
1.46 	8.427869e-118
1.466667 	-2.38307e-119
1.473333 	-1.908772e-119
1.48 	-1.43447e-119
1.486667 	-9.601684e-120
1.493333 	-4.858664e-120
1.5 	-1.156433e-121
1.506667 	-9.256572e-122
1.513333 	-6.948815e-122
1.52 	-4.641059e-122
1.526667 	-2.333303e-122
1.533333 	-2.5547e-124
1.54 	-2.044384e-124
1.546667 	-1.534069e-124
1.553333 	-1.023753e-124
1.56 	-5.134378e-125
1.566667 	-3.122318e-127
1.573333 	-2.498226e-127
1.58 	-1.874159e-127
1.586667 	-1.250092e-127
1.593333 	-6.260247e-128
1.6 	-1.957763e-130
1.606667 	-1.566303e-130
1.613333 	-1.174843e-130
1.62 	-7.83383e-131
1.626667 	-3.919229e-131
1.633333 	-4.628908e-134
1.64 	-3.703185e-134
1.646667 	-2.777461e-134
1.653333 	-1.851738e-134
1.66 	-9.260146e-135
1.666667 	-2.912419e-138
1.673333 	-2.329565e-138
1.68 	-1.747173e-138
1.686667 	-1.164782e-138
1.693333 	-5.823912e-139
1.7 	2.296089e-149
1.706667 	1.867907e-149
1.713333 	1.40093e-149
1.72 	9.339536e-150
1.726667 	4.669768e-150
1.733333 	6.463695e-160
1.74 	5.170956e-160
1.746667 	3.878217e-160
1.753333 	2.585478e-160
1.76 	1.292739e-160
1.766667 	6.463799e-168
1.773333 	6.373617e-183
1.78 	4.780224e-183
1.786667 	3.18683e-183
1.793333 	1.593437e-183
1.8 	4.344363e-188
1.806667 	3.475574e-188
1.813333 	2.606786e-188
1.82 	1.737999e-188
1.826667 	8.692105e-189
1.833333 	4.225962e-192
1.84 	3.380821e-192
1.846667 	2.535679e-192
1.853333 	1.690537e-192
1.86 	8.45395e-193
1.866667 	2.531889e-196
1.873333 	2.025173e-196
1.88 	1.51888e-196
1.886667 	1.012587e-196
1.893333 	5.062934e-197
1.9 	7.312913e-204
1.906667 	5.85029e-204
1.913333 	4.387717e-204
1.92 	2.925145e-204
1.926667 	1.462572e-204
1.933333 	5.853556e-302
1.94 	4.682843e-302
1.946667 	3.512129e-302
1.953333 	2.341416e-302
1.96 	1.170703e-302
1.966667 	-1.082159e-307
1.973333 	-8.704333e-308
1.98 	-6.528535e-308
1.986667 	-4.352737e-308
1.993333 	-2.176939e-308
2 	-1.140936e-311
