0 	0.9999601
0.006666667 	0.9999622
0.01333333 	0.9999644
0.02 	0.9999665
0.02666667 	0.9999686
0.03333333 	0.9999707
0.04 	0.9999732
0.04666667 	0.9999756
0.05333333 	0.9999781
0.06 	0.9999805
0.06666667 	0.999983
0.07333333 	0.9999801
0.08 	0.9999773
0.08666667 	0.9999745
0.09333333 	0.9999717
0.1 	0.9999689
0.1066667 	0.9999616
0.1133333 	0.9999542
0.12 	0.9999468
0.1266667 	0.9999394
0.1333333 	0.9999321
0.14 	0.9999261
0.1466667 	0.9999201
0.1533333 	0.9999141
0.16 	0.9999081
0.1666667 	0.9999021
0.1733333 	0.9998988
0.18 	0.9998955
0.1866667 	0.9998923
0.1933333 	0.999889
0.2 	0.9998857
0.2066667 	0.9998828
0.2133333 	0.9998799
0.22 	0.9998769
0.2266667 	0.999874
0.2333333 	0.9998711
0.24 	0.9998766
0.2466667 	0.999882
0.2533333 	0.9998875
0.26 	0.999893
0.2666667 	0.9998985
0.2733333 	0.9999108
0.28 	0.999923
0.2866667 	0.9999353
0.2933333 	0.9999475
0.3 	0.9999598
0.3066667 	0.9999662
0.3133333 	0.9999726
0.32 	0.999979
0.3266667 	0.9999855
0.3333333 	0.9999919
0.34 	0.9999925
0.3466667 	0.999993
0.3533333 	0.9999936
0.36 	0.9999942
0.3666667 	0.9999948
0.3733333 	0.9999919
0.38 	0.9999891
0.3866667 	0.9999863
0.3933333 	0.9999835
0.4 	0.9999806
0.4066667 	0.999977
0.4133333 	0.9999733
0.42 	0.9999696
0.4266667 	0.999966
0.4333333 	0.9999623
0.44 	0.9999642
0.4466667 	0.999966
0.4533333 	0.9999678
0.46 	0.9999697
0.4666667 	0.9999715
0.4733333 	0.9999756
0.48 	0.9999797
0.4866667 	0.9999838
0.4933333 	0.9999879
0.5 	0.9999919
0.5066667 	0.9999931
0.5133333 	0.9999942
0.52 	0.9999953
0.5266667 	0.9999964
0.5333333 	0.9999975
0.54 	0.999997
0.5466667 	0.9999965
0.5533333 	0.9999959
0.56 	0.9999954
0.5666667 	0.9999948
0.5733333 	0.9999925
0.58 	0.9999901
0.5866667 	0.9999877
0.5933333 	0.9999853
0.6 	0.9999829
0.6066667 	0.9999811
0.6133333 	0.9999792
0.62 	0.9999773
0.6266667 	0.9999754
0.6333333 	0.9999735
0.64 	0.9999754
0.6466667 	0.9999773
0.6533333 	0.9999793
0.66 	0.9999812
0.6666667 	0.9999831
0.6733333 	0.9999857
0.68 	0.9999884
0.6866667 	0.999991
0.6933333 	0.9999937
0.7 	0.9999963
0.7066667 	0.9999878
0.7133333 	0.9999793
0.72 	0.9999707
0.7266667 	0.9999622
0.7333333 	0.9999536
0.74 	0.998565
0.7466667 	0.9971765
0.7533333 	0.9957879
0.76 	0.9943993
0.7666667 	0.9930107
0.7733333 	0.9668324
0.78 	0.9406541
0.7866667 	0.9144758
0.7933333 	0.8882975
0.8 	0.8621192
0.8066667 	0.7751274
0.8133333 	0.6881356
0.82 	0.6011438
0.8266667 	0.5141521
0.8333333 	0.4271603
0.84 	0.3535735
0.8466667 	0.2799868
0.8533333 	0.2064001
0.86 	0.1328133
0.8666667 	0.05922659
0.8733333 	0.04761089
0.88 	0.03599519
0.8866667 	0.02437949
0.8933333 	0.01276379
0.9 	0.001148083
0.9066667 	0.0009223983
0.9133333 	0.0006967134
0.92 	0.0004710284
0.9266667 	0.0002453435
0.9333333 	1.965853e-05
0.94 	1.583801e-05
0.9466667 	1.201749e-05
0.9533333 	8.196975e-06
0.96 	4.376457e-06
0.9666667 	5.559398e-07
0.9733333 	4.477752e-07
0.98 	3.396105e-07
0.9866667 	2.314458e-07
0.9933333 	1.232812e-07
1 	1.511651e-08
1.006667 	1.21388e-08
1.013333 	9.161094e-09
1.02 	6.183385e-09
1.026667 	3.205677e-09
1.033333 	2.279688e-10
1.04 	1.825411e-10
1.046667 	1.371135e-10
1.053333 	9.168579e-11
1.06 	4.625813e-11
1.066667 	8.304585e-13
1.073333 	6.64448e-13
1.08 	4.984397e-13
1.086667 	3.324314e-13
1.093333 	1.664231e-13
1.1 	4.148265e-16
1.106667 	3.331865e-16
1.113333 	2.515466e-16
1.12 	1.699066e-16
1.126667 	8.826659e-17
1.133333 	6.626612e-18
1.14 	5.52408e-18
1.146667 	4.421549e-18
1.153333 	3.319018e-18
1.16 	2.216486e-18
1.166667 	1.113955e-18
1.173333 	9.366107e-19
1.18 	7.592664e-19
1.186667 	5.819221e-19
1.193333 	4.045779e-19
1.2 	2.272336e-19
1.206667 	1.897238e-19
1.213333 	1.52214e-19
1.22 	1.147042e-19
1.226667 	7.719442e-20
1.233333 	3.968463e-20
1.24 	3.247426e-20
1.246667 	2.526389e-20
1.253333 	1.805352e-20
1.26 	1.084314e-20
1.266667 	3.632773e-21
1.273333 	2.935708e-21
1.28 	2.238643e-21
1.286667 	1.541578e-21
1.293333 	8.445124e-22
1.3 	1.474473e-22
1.306667 	1.182471e-22
1.313333 	8.904698e-23
1.32 	5.984681e-23
1.326667 	3.064665e-23
1.333333 	1.446486e-24
1.34 	1.157615e-24
1.346667 	8.687438e-25
1.353333 	5.798729e-25
1.36 	2.91002e-25
1.366667 	2.131141e-27
1.373333 	1.704985e-27
1.38 	1.278843e-27
1.386667 	8.527016e-28
1.393333 	4.2656e-28
1.4 	4.183671e-31
1.406667 	3.346991e-31
1.413333 	2.510311e-31
1.42 	1.673632e-31
1.426667 	8.369517e-32
1.433333 	2.71841e-35
1.44 	2.174757e-35
1.446667 	1.631105e-35
1.453333 	1.087453e-35
1.46 	5.438006e-36
1.466667 	1.48298e-39
1.473333 	1.18618e-39
1.48 	8.896515e-40
1.486667 	5.93123e-40
1.493333 	2.965945e-40
1.5 	6.599784e-44
1.506667 	5.279876e-44
1.513333 	3.959968e-44
1.52 	2.640059e-44
1.526667 	1.320151e-44
1.533333 	2.4296e-48
1.54 	1.943695e-48
1.546667 	1.45779e-48
1.553333 	9.718853e-49
1.56 	4.859802e-49
1.566667 	7.516286e-53
1.573333 	6.011125e-53
1.58 	4.508394e-53
1.586667 	3.005663e-53
1.593333 	1.502932e-53
1.6 	2.002754e-57
1.606667 	1.602212e-57
1.613333 	1.201671e-57
1.62 	8.011297e-58
1.626667 	4.005884e-58
1.633333 	4.707035e-62
1.64 	3.765648e-62
1.646667 	2.824261e-62
1.653333 	1.882873e-62
1.66 	9.414863e-63
1.666667 	9.921045e-67
1.673333 	7.933109e-67
1.68 	5.949879e-67
1.686667 	3.966649e-67
1.693333 	1.983419e-67
1.7 	1.891052e-71
1.706667 	1.512848e-71
1.713333 	1.134644e-71
1.72 	7.564406e-72
1.726667 	3.782368e-72
1.733333 	3.296421e-76
1.74 	2.637147e-76
1.746667 	1.977874e-76
1.753333 	1.3186e-76
1.76 	6.593266e-77
1.766667 	5.307085e-81
1.773333 	4.243047e-81
1.78 	3.182305e-81
1.786667 	2.121563e-81
1.793333 	1.060821e-81
1.8 	7.948076e-86
1.806667 	6.358483e-86
1.813333 	4.768891e-86
1.82 	3.179298e-86
1.826667 	1.589706e-86
1.833333 	1.130918e-90
1.84 	9.047378e-91
1.846667 	6.785572e-91
1.853333 	4.523766e-91
1.86 	2.26196e-91
1.866667 	1.545469e-95
1.873333 	1.235474e-95
1.88 	9.266109e-96
1.886667 	6.177474e-96
1.893333 	3.088839e-96
1.9 	2.048399e-100
1.906667 	1.638725e-100
1.913333 	1.22905e-100
1.92 	8.193754e-101
1.926667 	4.097008e-101
1.933333 	2.619521e-105
1.94 	2.095623e-105
1.946667 	1.571726e-105
1.953333 	1.047828e-105
1.96 	5.239304e-106
1.966667 	3.266625e-110
1.973333 	2.611204e-110
1.98 	1.958403e-110
1.986667 	1.305602e-110
1.993333 	6.528011e-111
2 	7.609925e-123
