0 	0.9999454
0.006666667 	0.9999423
0.01333333 	0.9999393
0.02 	0.9999362
0.02666667 	0.9999332
0.03333333 	0.9999301
0.04 	0.9999274
0.04666667 	0.9999247
0.05333333 	0.999922
0.06 	0.9999193
0.06666667 	0.9999166
0.07333333 	0.9999169
0.08 	0.9999172
0.08666667 	0.9999176
0.09333333 	0.9999179
0.1 	0.9999182
0.1066667 	0.9999204
0.1133333 	0.9999227
0.12 	0.9999249
0.1266667 	0.9999271
0.1333333 	0.9999293
0.14 	0.9999334
0.1466667 	0.9999376
0.1533333 	0.9999417
0.16 	0.9999458
0.1666667 	0.99995
0.1733333 	0.9999513
0.18 	0.9999526
0.1866667 	0.9999539
0.1933333 	0.9999552
0.2 	0.9999564
0.2066667 	0.9999546
0.2133333 	0.9999529
0.22 	0.9999511
0.2266667 	0.9999493
0.2333333 	0.9999475
0.24 	0.9999479
0.2466667 	0.9999483
0.2533333 	0.9999487
0.26 	0.9999491
0.2666667 	0.9999495
0.2733333 	0.9999534
0.28 	0.9999572
0.2866667 	0.999961
0.2933333 	0.9999648
0.3 	0.9999686
0.3066667 	0.99997
0.3133333 	0.9999714
0.32 	0.9999727
0.3266667 	0.9999741
0.3333333 	0.9999754
0.34 	0.9999721
0.3466667 	0.9999687
0.3533333 	0.9999653
0.36 	0.999962
0.3666667 	0.9999586
0.3733333 	0.999955
0.38 	0.9999514
0.3866667 	0.9999479
0.3933333 	0.9999443
0.4 	0.9999407
0.4066667 	0.9999404
0.4133333 	0.9999402
0.42 	0.9999399
0.4266667 	0.9999396
0.4333333 	0.9999394
0.44 	0.9999362
0.4466667 	0.999933
0.4533333 	0.9999298
0.46 	0.9999266
0.4666667 	0.9999234
0.4733333 	0.9999208
0.48 	0.9999182
0.4866667 	0.9999156
0.4933333 	0.9999131
0.5 	0.9999105
0.5066667 	0.9999186
0.5133333 	0.9999267
0.52 	0.9999348
0.5266667 	0.9999429
0.5333333 	0.9999511
0.54 	0.9999624
0.5466667 	0.9999738
0.5533333 	0.9999852
0.56 	0.9999966
0.5666667 	1.000008
0.5733333 	1.000008
0.58 	1.000009
0.5866667 	1.000009
0.5933333 	1.000009
0.6 	1.00001
0.6066667 	0.9999985
0.6133333 	0.9999872
0.62 	0.9999759
0.6266667 	0.9999646
0.6333333 	0.9999533
0.64 	0.9999523
0.6466667 	0.9999512
0.6533333 	0.9999502
0.66 	0.9999492
0.6666667 	0.9999482
0.6733333 	0.9999549
0.68 	0.9999616
0.6866667 	0.9999683
0.6933333 	0.999975
0.7 	0.9999817
0.7066667 	0.9999843
0.7133333 	0.9999869
0.72 	0.9999895
0.7266667 	0.9999921
0.7333333 	0.9999947
0.74 	0.999995
0.7466667 	0.9999953
0.7533333 	0.9999956
0.76 	0.9999959
0.7666667 	0.9999962
0.7733333 	0.9999687
0.78 	0.9999413
0.7866667 	0.9999138
0.7933333 	0.9998864
0.8 	0.9998589
0.8066667 	0.9935105
0.8133333 	0.987162
0.82 	0.9808136
0.8266667 	0.9744651
0.8333333 	0.9681167
0.84 	0.8868715
0.8466667 	0.8056264
0.8533333 	0.7243812
0.86 	0.6431361
0.8666667 	0.5618909
0.8733333 	0.4685509
0.88 	0.375211
0.8866667 	0.281871
0.8933333 	0.188531
0.9 	0.09519096
0.9066667 	0.07646342
0.9133333 	0.05773588
0.92 	0.03900833
0.9266667 	0.02028079
0.9333333 	0.001553247
0.94 	0.00124285
0.9466667 	0.0009324537
0.9533333 	0.000622057
0.96 	0.0003116603
0.9666667 	1.26364e-06
0.9733333 	1.010917e-06
0.98 	7.581951e-07
0.9866667 	5.054736e-07
0.9933333 	2.527521e-07
1 	3.066007e-11
1.006667 	2.452815e-11
1.013333 	1.839622e-11
1.02 	1.226429e-11
1.026667 	6.132366e-12
1.033333 	4.392092e-16
1.04 	3.513685e-16
1.046667 	2.635279e-16
1.053333 	1.756872e-16
1.06 	8.78466e-17
1.066667 	5.956966e-21
1.073333 	4.762073e-21
1.08 	3.571573e-21
1.086667 	2.381072e-21
1.093333 	1.190571e-21
1.1 	7.042657e-26
1.106667 	5.63414e-26
1.113333 	4.225623e-26
1.12 	2.817106e-26
1.126667 	1.408589e-26
1.133333 	7.197121e-31
1.14 	5.75771e-31
1.146667 	4.318298e-31
1.153333 	2.878887e-31
1.16 	1.439476e-31
1.166667 	6.418134e-36
1.173333 	5.12876e-36
1.18 	3.846582e-36
1.186667 	2.564405e-36
1.193333 	1.282228e-36
1.2 	5.024159e-41
1.206667 	4.019334e-41
1.213333 	3.014509e-41
1.22 	2.009685e-41
1.226667 	1.00486e-41
1.233333 	3.517254e-46
1.24 	2.813808e-46
1.246667 	2.110362e-46
1.253333 	1.406915e-46
1.26 	7.034687e-47
1.266667 	2.222472e-51
1.273333 	1.775167e-51
1.28 	1.331378e-51
1.286667 	8.875896e-52
1.293333 	4.438012e-52
1.3 	1.270792e-56
1.306667 	1.016635e-56
1.313333 	7.62478e-57
1.32 	5.083209e-57
1.326667 	2.541638e-57
1.333333 	6.696984e-62
1.34 	5.357594e-62
1.346667 	4.018203e-62
1.353333 	2.678813e-62
1.36 	1.339423e-62
1.366667 	3.263071e-67
1.373333 	2.605102e-67
1.38 	1.95383e-67
1.386667 	1.302558e-67
1.393333 	6.512865e-68
1.4 	1.465734e-72
1.406667 	1.172588e-72
1.413333 	8.794429e-73
1.42 	5.862973e-73
1.426667 	2.931517e-73
1.433333 	6.139107e-78
1.44 	4.911291e-78
1.446667 	3.683474e-78
1.453333 	2.455657e-78
1.46 	1.227841e-78
1.466667 	2.398248e-83
1.473333 	1.913689e-83
1.48 	1.435269e-83
1.486667 	9.568487e-84
1.493333 	4.784287e-84
1.5 	8.685909e-89
1.506667 	6.948733e-89
1.513333 	5.211557e-89
1.52 	3.474381e-89
1.526667 	1.737205e-89
1.533333 	2.945191e-94
1.54 	2.356155e-94
1.546667 	1.767118e-94
1.553333 	1.178082e-94
1.56 	5.890457e-95
1.566667 	9.338668e-100
1.573333 	7.447378e-100
1.58 	5.58554e-100
1.586667 	3.723703e-100
1.593333 	1.861865e-100
1.6 	2.744119e-105
1.606667 	2.195296e-105
1.613333 	1.646474e-105
1.62 	1.097652e-105
1.626667 	5.488298e-106
1.633333 	7.573292e-111
1.64 	6.058638e-111
1.646667 	4.543983e-111
1.653333 	3.029329e-111
1.66 	1.514674e-111
1.666667 	1.966463e-116
1.673333 	1.567112e-116
1.68 	1.175335e-116
1.686667 	7.835586e-117
1.693333 	3.917817e-117
1.7 	4.740239e-122
1.706667 	3.792193e-122
1.713333 	2.844147e-122
1.72 	1.896102e-122
1.726667 	9.480563e-123
1.733333 	1.073613e-127
1.74 	8.588904e-128
1.746667 	6.441681e-128
1.753333 	4.294458e-128
1.76 	2.147236e-128
1.766667 	1.324159e-133
1.773333 	8.428846e-134
1.78 	3.723467e-134
1.786667 	-9.819122e-135
1.793333 	-5.687291e-134
1.8 	-1.039267e-133
1.806667 	-8.49637e-134
1.813333 	-6.600069e-134
1.82 	-4.703769e-134
1.826667 	-2.807468e-134
1.833333 	-9.111676e-135
1.84 	-7.376365e-135
1.846667 	-5.641053e-135
1.853333 	-3.905742e-135
1.86 	-2.17043e-135
1.866667 	-4.351188e-136
1.873333 	-3.510628e-136
1.88 	-2.67007e-136
1.886667 	-1.829511e-136
1.893333 	-9.889521e-137
1.9 	-1.483933e-137
1.906667 	-1.195146e-137
1.913333 	-9.063589e-138
1.92 	-6.175717e-138
1.926667 	-3.287845e-138
1.933333 	-3.999737e-139
1.94 	-3.217705e-139
1.946667 	-2.435674e-139
1.953333 	-1.653642e-139
1.96 	-8.716102e-140
1.966667 	-8.957857e-141
1.973333 	-7.233938e-141
1.98 	-5.510023e-141
1.986667 	-3.786109e-141
1.993333 	-2.062194e-141
2 	-3.382791e-142
