0 	1.000003
0.006666667 	1.000003
0.01333333 	1.000003
0.02 	1.000003
0.02666667 	1.000003
0.03333333 	1.000004
0.04 	1.000004
0.04666667 	1.000004
0.05333333 	1.000004
0.06 	1.000004
0.06666667 	1.000004
0.07333333 	1.000004
0.08 	1.000004
0.08666667 	1.000004
0.09333333 	1.000004
0.1 	1.000003
0.1066667 	1.000003
0.1133333 	1.000003
0.12 	1.000003
0.1266667 	1.000003
0.1333333 	1.000003
0.14 	1.000003
0.1466667 	1.000003
0.1533333 	1.000003
0.16 	1.000003
0.1666667 	1.000003
0.1733333 	1.000003
0.18 	1.000003
0.1866667 	1.000003
0.1933333 	1.000003
0.2 	1.000003
0.2066667 	1.000003
0.2133333 	1.000003
0.22 	1.000003
0.2266667 	1.000003
0.2333333 	1.000003
0.24 	1.000003
0.2466667 	1.000004
0.2533333 	1.000004
0.26 	1.000004
0.2666667 	1.000004
0.2733333 	1.000004
0.28 	1.000004
0.2866667 	1.000004
0.2933333 	1.000003
0.3 	1.000003
0.3066667 	1.000003
0.3133333 	1.000003
0.32 	1.000003
0.3266667 	1.000003
0.3333333 	1.000003
0.34 	1.000003
0.3466667 	1.000003
0.3533333 	1.000003
0.36 	1.000003
0.3666667 	1.000003
0.3733333 	1.000003
0.38 	1.000003
0.3866667 	1.000003
0.3933333 	1.000003
0.4 	1.000003
0.4066667 	1.000003
0.4133333 	1.000003
0.42 	1.000003
0.4266667 	1.000003
0.4333333 	1.000003
0.44 	1.000003
0.4466667 	1.000002
0.4533333 	1.000002
0.46 	1.000002
0.4666667 	1.000002
0.4733333 	1.000002
0.48 	1.000002
0.4866667 	1.000002
0.4933333 	1.000002
0.5 	1.000002
0.5066667 	1.000002
0.5133333 	1.000002
0.52 	1.000002
0.5266667 	1.000002
0.5333333 	1.000002
0.54 	1.000002
0.5466667 	1.000002
0.5533333 	1.000002
0.56 	1.000002
0.5666667 	1.000002
0.5733333 	1.000002
0.58 	1.000002
0.5866667 	1.000002
0.5933333 	1.000002
0.6 	1.000002
0.6066667 	1.000002
0.6133333 	1.000002
0.62 	1.000002
0.6266667 	1.000001
0.6333333 	1.000001
0.64 	1.000001
0.6466667 	1.000001
0.6533333 	1.000001
0.66 	1.000001
0.6666667 	1.000001
0.6733333 	1.000001
0.68 	1.000001
0.6866667 	1.000001
0.6933333 	1.000001
0.7 	1.000001
0.7066667 	1.000001
0.7133333 	1.000001
0.72 	1.000001
0.7266667 	1.000001
0.7333333 	1.000001
0.74 	1.000001
0.7466667 	1.000001
0.7533333 	1.000001
0.76 	1.000001
0.7666667 	1.000001
0.7733333 	1.000001
0.78 	1
0.7866667 	1
0.7933333 	0.9999999
0.8 	0.9999997
0.8066667 	0.9986122
0.8133333 	0.9972248
0.82 	0.9958373
0.8266667 	0.9944499
0.8333333 	0.9930624
0.84 	0.8930629
0.8466667 	0.7930634
0.8533333 	0.6930638
0.86 	0.5930643
0.8666667 	0.4930648
0.8733333 	0.3944522
0.88 	0.2958396
0.8866667 	0.1972271
0.8933333 	0.0986145
0.9 	1.934119e-06
0.9066667 	1.547295e-06
0.9133333 	1.160472e-06
0.92 	7.736478e-07
0.9266667 	3.86824e-07
0.9333333 	2.059304e-13
0.94 	1.647443e-13
0.9466667 	1.235582e-13
0.9533333 	8.237216e-14
0.96 	4.118608e-14
0.9666667 	2.157847e-21
0.9733333 	1.561545e-21
0.98 	1.171159e-21
0.9866667 	7.807724e-22
0.9933333 	3.903862e-22
1 	5.92253e-31
1.006667 	4.738024e-31
1.013333 	3.553518e-31
1.02 	2.369012e-31
1.026667 	1.184506e-31
1.033333 	1.491953e-40
1.04 	1.193562e-40
1.046667 	8.951716e-41
1.053333 	5.967811e-41
1.06 	2.983906e-41
1.066667 	1.492535e-48
1.073333 	4.713201e-52
1.08 	3.534901e-52
1.086667 	2.356601e-52
1.093333 	1.1783e-52
1.1 	8.913114e-62
1.106667 	7.130491e-62
1.113333 	5.347868e-62
1.12 	3.565245e-62
1.126667 	1.782623e-62
1.133333 	2.263919e-70
1.14 	1.811135e-70
1.146667 	1.358352e-70
1.153333 	9.055677e-71
1.16 	4.527839e-71
1.166667 	2.414456e-78
1.173333 	1.204326e-79
1.18 	9.032441e-80
1.186667 	6.021628e-80
1.193333 	3.010814e-80
1.2 	2.490984e-88
1.206667 	1.992787e-88
1.213333 	1.49459e-88
1.22 	9.963936e-89
1.226667 	4.981968e-89
1.233333 	3.279114e-97
1.24 	2.623291e-97
1.246667 	1.967468e-97
1.253333 	1.311646e-97
1.26 	6.558228e-98
1.266667 	3.279118e-105
1.273333 	-2.980588e-150
1.28 	-2.23544e-150
1.286667 	-1.490293e-150
1.293333 	-7.451453e-151
1.3 	2.211233e-156
1.306667 	1.768986e-156
1.313333 	1.32674e-156
1.32 	8.844931e-157
1.326667 	4.422466e-157
1.333333 	4.753051e-170
1.34 	3.802441e-170
1.346667 	2.851831e-170
1.353333 	1.90122e-170
1.36 	9.506103e-171
1.366667 	4.753071e-178
1.373333 	9.774137e-189
1.38 	7.330602e-189
1.386667 	4.887068e-189
1.393333 	2.443534e-189
1.4 	5.698949e-202
1.406667 	1.541362e-205
1.413333 	1.156022e-205
1.42 	7.706811e-206
1.426667 	3.853406e-206
1.433333 	1.240939e-212
1.44 	9.927514e-213
1.446667 	7.445635e-213
1.453333 	4.963757e-213
1.46 	2.481879e-213
1.466667 	1.240948e-220
1.473333 	3.341659e-285
1.48 	2.506244e-285
1.486667 	1.67083e-285
1.493333 	8.35415e-286
1.5 	2.275025e-292
1.506667 	1.820017e-292
1.513333 	1.365013e-292
1.52 	9.100087e-293
1.526667 	4.550044e-293
1.533333 	1.319571e-299
1.54 	1.055656e-299
1.546667 	7.917423e-300
1.553333 	5.278282e-300
1.56 	2.639141e-300
1.566667 	5.264918e-307
1.573333 	3.156267e-307
1.58 	2.3672e-307
1.586667 	1.578134e-307
1.593333 	7.890668e-308
1.6 	2.622961e-315
1.606667 	2.098333e-315
1.613333 	1.57375e-315
1.62 	1.049166e-315
1.626667 	5.245832e-316
1.633333 	3.952525e-323
1.64 	3.45846e-323
1.646667 	2.470328e-323
1.653333 	1.976263e-323
1.66 	9.881313e-324
1.666667 	0
1.673333 	0
1.68 	0
1.686667 	0
1.693333 	0
1.7 	0
1.706667 	0
1.713333 	0
1.72 	0
1.726667 	0
1.733333 	0
1.74 	0
1.746667 	0
1.753333 	0
1.76 	0
1.766667 	0
1.773333 	0
1.78 	0
1.786667 	0
1.793333 	0
1.8 	0
1.806667 	0
1.813333 	0
1.82 	0
1.826667 	0
1.833333 	0
1.84 	0
1.846667 	0
1.853333 	0
1.86 	0
1.866667 	0
1.873333 	0
1.88 	0
1.886667 	0
1.893333 	0
1.9 	0
1.906667 	0
1.913333 	0
1.92 	0
1.926667 	0
1.933333 	0
1.94 	0
1.946667 	0
1.953333 	0
1.96 	0
1.966667 	0
1.973333 	0
1.98 	0
1.986667 	0
1.993333 	0
2 	0
