0 	0.9999422
0.006666667 	0.9999439
0.01333333 	0.9999456
0.02 	0.9999473
0.02666667 	0.999949
0.03333333 	0.9999508
0.04 	0.999954
0.04666667 	0.9999573
0.05333333 	0.9999605
0.06 	0.9999638
0.06666667 	0.999967
0.07333333 	0.9999692
0.08 	0.9999714
0.08666667 	0.9999736
0.09333333 	0.9999757
0.1 	0.9999779
0.1066667 	0.9999766
0.1133333 	0.9999753
0.12 	0.999974
0.1266667 	0.9999727
0.1333333 	0.9999714
0.14 	0.9999663
0.1466667 	0.9999611
0.1533333 	0.999956
0.16 	0.9999509
0.1666667 	0.9999457
0.1733333 	0.9999399
0.18 	0.999934
0.1866667 	0.9999282
0.1933333 	0.9999223
0.2 	0.9999165
0.2066667 	0.9999124
0.2133333 	0.9999084
0.22 	0.9999043
0.2266667 	0.9999002
0.2333333 	0.9998961
0.24 	0.9999003
0.2466667 	0.9999045
0.2533333 	0.9999087
0.26 	0.9999129
0.2666667 	0.9999171
0.2733333 	0.9999271
0.28 	0.9999371
0.2866667 	0.9999471
0.2933333 	0.9999572
0.3 	0.9999672
0.3066667 	0.9999724
0.3133333 	0.9999775
0.32 	0.9999827
0.3266667 	0.9999879
0.3333333 	0.9999931
0.34 	0.9999914
0.3466667 	0.9999897
0.3533333 	0.9999881
0.36 	0.9999864
0.3666667 	0.9999848
0.3733333 	0.9999758
0.38 	0.9999668
0.3866667 	0.9999578
0.3933333 	0.9999489
0.4 	0.9999399
0.4066667 	0.9999313
0.4133333 	0.9999226
0.42 	0.999914
0.4266667 	0.9999053
0.4333333 	0.9998967
0.44 	0.9999017
0.4466667 	0.9999066
0.4533333 	0.9999116
0.46 	0.9999166
0.4666667 	0.9999215
0.4733333 	0.9999322
0.48 	0.9999429
0.4866667 	0.9999536
0.4933333 	0.9999643
0.5 	0.999975
0.5066667 	0.999979
0.5133333 	0.9999829
0.52 	0.9999869
0.5266667 	0.9999909
0.5333333 	0.9999948
0.54 	0.9999935
0.5466667 	0.9999921
0.5533333 	0.9999908
0.56 	0.9999894
0.5666667 	0.999988
0.5733333 	0.9999834
0.58 	0.9999788
0.5866667 	0.9999741
0.5933333 	0.9999695
0.6 	0.9999649
0.6066667 	0.9999618
0.6133333 	0.9999588
0.62 	0.9999558
0.6266667 	0.9999528
0.6333333 	0.9999497
0.64 	0.9999538
0.6466667 	0.9999578
0.6533333 	0.9999618
0.66 	0.9999659
0.6666667 	0.9999699
0.6733333 	0.9999747
0.68 	0.9999795
0.6866667 	0.9999843
0.6933333 	0.9999891
0.7 	0.9999939
0.7066667 	0.9999628
0.7133333 	0.9999317
0.72 	0.9999005
0.7266667 	0.9998694
0.7333333 	0.9998383
0.74 	0.9970373
0.7466667 	0.9942363
0.7533333 	0.9914353
0.76 	0.9886343
0.7666667 	0.9858333
0.7733333 	0.9482968
0.78 	0.9107604
0.7866667 	0.8732239
0.7933333 	0.8356874
0.8 	0.798151
0.8066667 	0.7082756
0.8133333 	0.6184003
0.82 	0.528525
0.8266667 	0.4386496
0.8333333 	0.3487743
0.84 	0.2864904
0.8466667 	0.2242065
0.8533333 	0.1619226
0.86 	0.09963874
0.8666667 	0.03735485
0.8733333 	0.0300336
0.88 	0.02271235
0.8866667 	0.0153911
0.8933333 	0.008069851
0.9 	0.0007486016
0.9066667 	0.0006010724
0.9133333 	0.0004535431
0.92 	0.0003060139
0.9266667 	0.0001584846
0.9333333 	1.09554e-05
0.94 	8.798447e-06
0.9466667 	6.641495e-06
0.9533333 	4.484542e-06
0.96 	2.32759e-06
0.9666667 	1.706381e-07
0.9733333 	1.373938e-07
0.98 	1.041496e-07
0.9866667 	7.090531e-08
0.9933333 	3.766106e-08
1 	4.416804e-09
1.006667 	3.541234e-09
1.013333 	2.665664e-09
1.02 	1.790094e-09
1.026667 	9.145243e-10
1.033333 	3.895432e-11
1.04 	3.119009e-11
1.046667 	2.342586e-11
1.053333 	1.566163e-11
1.06 	7.897397e-12
1.066667 	1.331662e-13
1.073333 	1.065542e-13
1.08 	7.994249e-14
1.086667 	5.333083e-14
1.093333 	2.671916e-14
1.1 	1.074978e-16
1.106667 	8.67046e-17
1.113333 	6.591142e-17
1.12 	4.511825e-17
1.126667 	2.432507e-17
1.133333 	3.531898e-18
1.14 	2.862639e-18
1.146667 	2.19338e-18
1.153333 	1.524122e-18
1.16 	8.548631e-19
1.166667 	1.856045e-19
1.173333 	1.528272e-19
1.18 	1.200498e-19
1.186667 	8.72725e-20
1.193333 	5.449517e-20
1.2 	2.171784e-20
1.206667 	1.855868e-20
1.213333 	1.539952e-20
1.22 	1.224036e-20
1.226667 	9.081198e-21
1.233333 	5.922038e-21
1.24 	4.929398e-21
1.246667 	3.936757e-21
1.253333 	2.944117e-21
1.26 	1.951477e-21
1.266667 	9.588367e-22
1.273333 	7.854366e-22
1.28 	6.120364e-22
1.286667 	4.386363e-22
1.293333 	2.652362e-22
1.3 	9.183612e-23
1.306667 	7.423076e-23
1.313333 	5.66254e-23
1.32 	3.902004e-23
1.326667 	2.141468e-23
1.333333 	3.80932e-24
1.34 	3.056335e-24
1.346667 	2.30335e-24
1.353333 	1.550364e-24
1.36 	7.97379e-25
1.366667 	4.439364e-26
1.373333 	3.553247e-26
1.38 	2.667134e-26
1.386667 	1.781022e-26
1.393333 	8.949088e-27
1.4 	8.796008e-29
1.406667 	7.037206e-29
1.413333 	5.278404e-29
1.42 	3.519602e-29
1.426667 	1.7608e-29
1.433333 	1.998608e-32
1.44 	1.598908e-32
1.446667 	1.199207e-32
1.453333 	7.995068e-33
1.46 	3.998063e-33
1.466667 	1.057182e-36
1.473333 	8.455957e-37
1.48 	6.342091e-37
1.486667 	4.228225e-37
1.493333 	2.11436e-37
1.5 	4.941315e-41
1.506667 	3.953093e-41
1.513333 	2.964872e-41
1.52 	1.97665e-41
1.526667 	9.884283e-42
1.533333 	2.065825e-45
1.54 	1.652676e-45
1.546667 	1.239527e-45
1.553333 	8.26378e-46
1.56 	4.13229e-46
1.566667 	8.012336e-50
1.573333 	6.408276e-50
1.58 	4.806281e-50
1.586667 	3.204287e-50
1.593333 	1.602293e-50
1.6 	2.9849e-54
1.606667 	2.387942e-54
1.613333 	1.790984e-54
1.62 	1.194026e-54
1.626667 	5.970674e-55
1.633333 	1.092917e-58
1.64 	8.743418e-59
1.646667 	6.557662e-59
1.653333 	4.371906e-59
1.66 	2.18615e-59
1.666667 	3.944628e-63
1.673333 	3.154855e-63
1.68 	2.366176e-63
1.686667 	1.577497e-63
1.693333 	7.888173e-64
1.7 	1.378897e-67
1.706667 	1.103127e-67
1.713333 	8.273565e-68
1.72 	5.515862e-68
1.726667 	2.75816e-68
1.733333 	4.578884e-72
1.74 	3.663136e-72
1.746667 	2.747388e-72
1.753333 	1.831639e-72
1.76 	9.15891e-73
1.766667 	1.427364e-76
1.773333 	1.141534e-76
1.78 	8.561606e-77
1.786667 	5.707876e-77
1.793333 	2.854146e-77
1.8 	4.155357e-81
1.806667 	3.324308e-81
1.813333 	2.493259e-81
1.82 	1.662211e-81
1.826667 	8.311616e-82
1.833333 	1.127469e-85
1.84 	9.019813e-86
1.846667 	6.764931e-86
1.853333 	4.510049e-86
1.86 	2.255167e-86
1.866667 	2.851536e-90
1.873333 	2.28034e-90
1.88 	1.710272e-90
1.886667 	1.140204e-90
1.893333 	5.701355e-91
1.9 	6.726345e-95
1.906667 	5.381106e-95
1.913333 	4.035867e-95
1.92 	2.690627e-95
1.926667 	1.345388e-95
1.933333 	1.486715e-99
1.94 	1.189378e-99
1.946667 	8.920413e-100
1.953333 	5.947046e-100
1.96 	2.97368e-100
1.966667 	3.128293e-104
1.973333 	2.501462e-104
1.98 	1.876118e-104
1.986667 	1.250775e-104
1.993333 	6.254306e-105
2 	8.674302e-109
