0 	0.9999396
0.006666667 	0.9999371
0.01333333 	0.9999345
0.02 	0.9999319
0.02666667 	0.9999293
0.03333333 	0.9999267
0.04 	0.9999255
0.04666667 	0.9999244
0.05333333 	0.9999232
0.06 	0.999922
0.06666667 	0.9999208
0.07333333 	0.9999203
0.08 	0.9999198
0.08666667 	0.9999193
0.09333333 	0.9999188
0.1 	0.9999183
0.1066667 	0.9999185
0.1133333 	0.9999187
0.12 	0.9999189
0.1266667 	0.9999191
0.1333333 	0.9999193
0.14 	0.9999231
0.1466667 	0.999927
0.1533333 	0.9999308
0.16 	0.9999346
0.1666667 	0.9999384
0.1733333 	0.9999409
0.18 	0.9999434
0.1866667 	0.9999459
0.1933333 	0.9999483
0.2 	0.9999508
0.2066667 	0.9999502
0.2133333 	0.9999495
0.22 	0.9999489
0.2266667 	0.9999483
0.2333333 	0.9999476
0.24 	0.9999471
0.2466667 	0.9999466
0.2533333 	0.999946
0.26 	0.9999455
0.2666667 	0.999945
0.2733333 	0.9999479
0.28 	0.9999508
0.2866667 	0.9999537
0.2933333 	0.9999566
0.3 	0.9999595
0.3066667 	0.9999618
0.3133333 	0.9999641
0.32 	0.9999664
0.3266667 	0.9999687
0.3333333 	0.999971
0.34 	0.9999693
0.3466667 	0.9999675
0.3533333 	0.9999658
0.36 	0.999964
0.3666667 	0.9999623
0.3733333 	0.9999589
0.38 	0.9999555
0.3866667 	0.9999521
0.3933333 	0.9999487
0.4 	0.9999453
0.4066667 	0.9999436
0.4133333 	0.9999419
0.42 	0.9999402
0.4266667 	0.9999385
0.4333333 	0.9999368
0.44 	0.9999313
0.4466667 	0.9999258
0.4533333 	0.9999203
0.46 	0.9999148
0.4666667 	0.9999092
0.4733333 	0.9999083
0.48 	0.9999074
0.4866667 	0.9999065
0.4933333 	0.9999056
0.5 	0.9999047
0.5066667 	0.9999159
0.5133333 	0.9999271
0.52 	0.9999383
0.5266667 	0.9999494
0.5333333 	0.9999606
0.54 	0.9999713
0.5466667 	0.9999821
0.5533333 	0.9999928
0.56 	1.000004
0.5666667 	1.000014
0.5733333 	1.000016
0.58 	1.000017
0.5866667 	1.000018
0.5933333 	1.00002
0.6 	1.000021
0.6066667 	1.000011
0.6133333 	1.000001
0.62 	0.999991
0.6266667 	0.999981
0.6333333 	0.999971
0.64 	0.9999673
0.6466667 	0.9999636
0.6533333 	0.9999599
0.66 	0.9999561
0.6666667 	0.9999524
0.6733333 	0.9999584
0.68 	0.9999644
0.6866667 	0.9999704
0.6933333 	0.9999764
0.7 	0.9999824
0.7066667 	0.9999854
0.7133333 	0.9999885
0.72 	0.9999916
0.7266667 	0.9999947
0.7333333 	0.9999978
0.74 	0.999998
0.7466667 	0.9999982
0.7533333 	0.9999984
0.76 	0.9999986
0.7666667 	0.9999987
0.7733333 	0.9999894
0.78 	0.99998
0.7866667 	0.9999706
0.7933333 	0.9999612
0.8 	0.9999519
0.8066667 	0.9983886
0.8133333 	0.9968254
0.82 	0.9952621
0.8266667 	0.9936989
0.8333333 	0.9921357
0.84 	0.9469327
0.8466667 	0.9017298
0.8533333 	0.8565269
0.86 	0.8113239
0.8666667 	0.766121
0.8733333 	0.674697
0.88 	0.5832731
0.8866667 	0.4918491
0.8933333 	0.4004252
0.9 	0.3090012
0.9066667 	0.254361
0.9133333 	0.1997208
0.92 	0.1450806
0.9266667 	0.09044039
0.9333333 	0.03580018
0.94 	0.0287881
0.9466667 	0.02177602
0.9533333 	0.01476394
0.96 	0.00775186
0.9666667 	0.0007397809
0.9733333 	0.0005921621
0.98 	0.0004445433
0.9866667 	0.0002969244
0.9933333 	0.0001493056
1 	1.686764e-06
1.006667 	1.349454e-06
1.013333 	1.012144e-06
1.02 	6.748347e-07
1.026667 	3.37525e-07
1.033333 	2.15398e-10
1.04 	1.723193e-10
1.046667 	1.292405e-10
1.053333 	8.616179e-11
1.06 	4.308304e-11
1.066667 	4.287331e-15
1.073333 	3.428154e-15
1.08 	2.571131e-15
1.086667 	1.714109e-15
1.093333 	8.570858e-16
1.1 	6.302058e-20
1.106667 	5.041661e-20
1.113333 	3.781264e-20
1.12 	2.520866e-20
1.126667 	1.260469e-20
1.133333 	7.194932e-25
1.14 	5.75596e-25
1.146667 	4.316987e-25
1.153333 	2.878015e-25
1.16 	1.439042e-25
1.166667 	6.931358e-30
1.173333 	5.539342e-30
1.18 	4.15452e-30
1.186667 	2.769699e-30
1.193333 	1.384877e-30
1.2 	5.589544e-35
1.206667 	4.471642e-35
1.213333 	3.353741e-35
1.22 	2.235839e-35
1.226667 	1.117938e-35
1.233333 	3.638918e-40
1.24 	2.911139e-40
1.246667 	2.183359e-40
1.253333 	1.455579e-40
1.26 	7.277998e-41
1.266667 	2.006867e-45
1.273333 	1.602585e-45
1.28 	1.201941e-45
1.286667 	8.012971e-46
1.293333 	4.006533e-46
1.3 	9.567629e-51
1.306667 	7.654111e-51
1.313333 	5.740593e-51
1.32 	3.827076e-51
1.326667 	1.913558e-51
1.333333 	4.032244e-56
1.34 	3.225799e-56
1.346667 	2.419353e-56
1.353333 	1.612907e-56
1.36 	8.064613e-57
1.366667 	1.558153e-61
1.373333 	1.243298e-61
1.38 	9.324748e-62
1.386667 	6.216517e-62
1.393333 	3.108286e-62
1.4 	5.553707e-67
1.406667 	4.442969e-67
1.413333 	3.332231e-67
1.42 	2.221493e-67
1.426667 	1.110756e-67
1.433333 	1.782726e-72
1.44 	1.426182e-72
1.446667 	1.069638e-72
1.453333 	7.130935e-73
1.46 	3.565494e-73
1.466667 	5.236452e-78
1.473333 	4.174903e-78
1.48 	3.131181e-78
1.486667 	2.087458e-78
1.493333 	1.043736e-78
1.5 	1.409294e-83
1.506667 	1.127436e-83
1.513333 	8.455778e-84
1.52 	5.637197e-84
1.526667 	2.818616e-84
1.533333 	3.478137e-89
1.54 	2.782511e-89
1.546667 	2.086885e-89
1.553333 	1.39126e-89
1.56 	6.956339e-90
1.566667 	8.214878e-95
1.573333 	6.544081e-95
1.58 	4.908065e-95
1.586667 	3.27205e-95
1.593333 	1.636034e-95
1.6 	1.880453e-100
1.606667 	1.504363e-100
1.613333 	1.128273e-100
1.62 	7.521835e-101
1.626667 	3.760938e-101
1.633333 	4.132952e-106
1.64 	3.306364e-106
1.646667 	2.479775e-106
1.653333 	1.653186e-106
1.66 	8.265976e-107
1.666667 	8.912482e-112
1.673333 	7.096925e-112
1.68 	5.322698e-112
1.686667 	3.548472e-112
1.693333 	1.774245e-112
1.7 	1.839264e-117
1.706667 	1.471412e-117
1.713333 	1.10356e-117
1.72 	7.357079e-118
1.726667 	3.678559e-118
1.733333 	3.799151e-123
1.74 	3.039322e-123
1.746667 	2.279493e-123
1.753333 	1.519665e-123
1.76 	7.598363e-124
1.766667 	7.755731e-129
1.773333 	6.174192e-129
1.78 	4.630645e-129
1.786667 	3.087098e-129
1.793333 	1.543552e-129
1.8 	4.799905e-135
1.806667 	2.008072e-135
1.813333 	-7.837594e-136
1.82 	-3.575591e-135
1.826667 	-6.367422e-135
1.833333 	-9.159253e-135
1.84 	-7.496925e-135
1.846667 	-5.834597e-135
1.853333 	-4.172269e-135
1.86 	-2.509941e-135
1.866667 	-8.476128e-136
1.873333 	-6.870621e-136
1.88 	-5.265115e-136
1.886667 	-3.659609e-136
1.893333 	-2.054104e-136
1.9 	-4.485977e-137
1.906667 	-3.623683e-137
1.913333 	-2.761388e-137
1.92 	-1.899094e-137
1.926667 	-1.036799e-137
1.933333 	-1.745049e-138
1.94 	-1.406983e-138
1.946667 	-1.068917e-138
1.953333 	-7.308518e-139
1.96 	-3.927861e-139
1.966667 	-5.472042e-140
1.973333 	-4.377632e-140
1.98 	-3.283224e-140
1.986667 	-2.188816e-140
1.993333 	-1.094408e-140
2 	-1.275789e-152
