0 	0.9999643
0.006666667 	0.9999623
0.01333333 	0.9999603
0.02 	0.9999583
0.02666667 	0.9999563
0.03333333 	0.9999543
0.04 	0.9999533
0.04666667 	0.9999522
0.05333333 	0.9999511
0.06 	0.99995
0.06666667 	0.9999489
0.07333333 	0.9999502
0.08 	0.9999515
0.08666667 	0.9999527
0.09333333 	0.999954
0.1 	0.9999553
0.1066667 	0.9999561
0.1133333 	0.9999569
0.12 	0.9999577
0.1266667 	0.9999585
0.1333333 	0.9999593
0.14 	0.9999601
0.1466667 	0.999961
0.1533333 	0.9999619
0.16 	0.9999627
0.1666667 	0.9999636
0.1733333 	0.9999644
0.18 	0.9999652
0.1866667 	0.9999661
0.1933333 	0.9999669
0.2 	0.9999677
0.2066667 	0.9999682
0.2133333 	0.9999688
0.22 	0.9999693
0.2266667 	0.9999698
0.2333333 	0.9999704
0.24 	0.9999703
0.2466667 	0.9999703
0.2533333 	0.9999703
0.26 	0.9999702
0.2666667 	0.9999702
0.2733333 	0.9999694
0.28 	0.9999686
0.2866667 	0.9999678
0.2933333 	0.999967
0.3 	0.9999662
0.3066667 	0.9999649
0.3133333 	0.9999636
0.32 	0.9999623
0.3266667 	0.999961
0.3333333 	0.9999597
0.34 	0.9999586
0.3466667 	0.9999574
0.3533333 	0.9999563
0.36 	0.9999552
0.3666667 	0.999954
0.3733333 	0.9999539
0.38 	0.9999538
0.3866667 	0.9999537
0.3933333 	0.9999536
0.4 	0.9999535
0.4066667 	0.9999547
0.4133333 	0.999956
0.42 	0.9999573
0.4266667 	0.9999585
0.4333333 	0.9999598
0.44 	0.9999619
0.4466667 	0.9999641
0.4533333 	0.9999662
0.46 	0.9999683
0.4666667 	0.9999705
0.4733333 	0.9999729
0.48 	0.9999752
0.4866667 	0.9999776
0.4933333 	0.99998
0.5 	0.9999823
0.5066667 	0.999985
0.5133333 	0.9999877
0.52 	0.9999903
0.5266667 	0.999993
0.5333333 	0.9999956
0.54 	0.9999973
0.5466667 	0.999999
0.5533333 	1.000001
0.56 	1.000002
0.5666667 	1.000004
0.5733333 	1.000001
0.58 	0.9999973
0.5866667 	0.9999939
0.5933333 	0.9999906
0.6 	0.9999872
0.6066667 	0.9999812
0.6133333 	0.9999753
0.62 	0.9999693
0.6266667 	0.9999633
0.6333333 	0.9999573
0.64 	0.9999612
0.6466667 	0.999965
0.6533333 	0.9999689
0.66 	0.9999727
0.6666667 	0.9999765
0.6733333 	0.9999823
0.68 	0.999988
0.6866667 	0.9999937
0.6933333 	0.9999994
0.7 	1.000005
0.7066667 	1.000003
0.7133333 	1
0.72 	0.9999974
0.7266667 	0.9999949
0.7333333 	0.9999923
0.74 	0.9999918
0.7466667 	0.9999913
0.7533333 	0.9999907
0.76 	0.9999902
0.7666667 	0.9999897
0.7733333 	0.9999908
0.78 	0.9999919
0.7866667 	0.9999931
0.7933333 	0.9999942
0.8 	0.9999953
0.8066667 	0.9994194
0.8133333 	0.9988435
0.82 	0.9982676
0.8266667 	0.9976917
0.8333333 	0.9971158
0.84 	0.8971165
0.8466667 	0.7971171
0.8533333 	0.6971178
0.86 	0.5971185
0.8666667 	0.4971191
0.8733333 	0.3976953
0.88 	0.2982715
0.8866667 	0.1988478
0.8933333 	0.09942397
0.9 	1.87312e-07
0.9066667 	1.498496e-07
0.9133333 	1.123872e-07
0.92 	7.492479e-08
0.9266667 	3.746239e-08
0.9333333 	3.453508e-17
0.94 	2.762806e-17
0.9466667 	2.072105e-17
0.9533333 	1.381403e-17
0.96 	6.907015e-18
0.9666667 	3.637878e-26
0.9733333 	1.476896e-27
0.98 	1.107672e-27
0.9866667 	7.384478e-28
0.9933333 	3.692239e-28
1 	-4.263411e-81
1.006667 	-3.410729e-81
1.013333 	-2.558047e-81
1.02 	-1.705364e-81
1.026667 	-8.526822e-82
1.033333 	1.096923e-93
1.04 	8.775384e-94
1.046667 	6.581538e-94
1.053333 	4.387692e-94
1.06 	2.193846e-94
1.066667 	1.09692e-101
1.073333 	2.096577e-107
1.08 	1.572433e-107
1.086667 	1.048288e-107
1.093333 	5.241442e-108
1.1 	0
1.106667 	0
1.113333 	0
1.12 	0
1.126667 	0
1.133333 	0
1.14 	0
1.146667 	0
1.153333 	0
1.16 	0
1.166667 	0
1.173333 	0
1.18 	0
1.186667 	0
1.193333 	0
1.2 	0
1.206667 	0
1.213333 	0
1.22 	0
1.226667 	0
1.233333 	0
1.24 	0
1.246667 	0
1.253333 	0
1.26 	0
1.266667 	0
1.273333 	0
1.28 	0
1.286667 	0
1.293333 	0
1.3 	0
1.306667 	0
1.313333 	0
1.32 	0
1.326667 	0
1.333333 	0
1.34 	0
1.346667 	0
1.353333 	0
1.36 	0
1.366667 	0
1.373333 	0
1.38 	0
1.386667 	0
1.393333 	0
1.4 	0
1.406667 	0
1.413333 	0
1.42 	0
1.426667 	0
1.433333 	0
1.44 	0
1.446667 	0
1.453333 	0
1.46 	0
1.466667 	0
1.473333 	0
1.48 	0
1.486667 	0
1.493333 	0
1.5 	0
1.506667 	0
1.513333 	0
1.52 	0
1.526667 	0
1.533333 	0
1.54 	0
1.546667 	0
1.553333 	0
1.56 	0
1.566667 	0
1.573333 	0
1.58 	0
1.586667 	0
1.593333 	0
1.6 	0
1.606667 	0
1.613333 	0
1.62 	0
1.626667 	0
1.633333 	0
1.64 	0
1.646667 	0
1.653333 	0
1.66 	0
1.666667 	0
1.673333 	0
1.68 	0
1.686667 	0
1.693333 	0
1.7 	0
1.706667 	0
1.713333 	0
1.72 	0
1.726667 	0
1.733333 	0
1.74 	0
1.746667 	0
1.753333 	0
1.76 	0
1.766667 	0
1.773333 	0
1.78 	0
1.786667 	0
1.793333 	0
1.8 	0
1.806667 	0
1.813333 	0
1.82 	0
1.826667 	0
1.833333 	0
1.84 	0
1.846667 	0
1.853333 	0
1.86 	0
1.866667 	0
1.873333 	0
1.88 	0
1.886667 	0
1.893333 	0
1.9 	0
1.906667 	0
1.913333 	0
1.92 	0
1.926667 	0
1.933333 	0
1.94 	0
1.946667 	0
1.953333 	0
1.96 	0
1.966667 	0
1.973333 	0
1.98 	0
1.986667 	0
1.993333 	0
2 	0
