0 	0.9999641
0.006666667 	0.9999656
0.01333333 	0.999967
0.02 	0.9999685
0.02666667 	0.99997
0.03333333 	0.9999714
0.04 	0.9999735
0.04666667 	0.9999755
0.05333333 	0.9999776
0.06 	0.9999797
0.06666667 	0.9999817
0.07333333 	0.9999803
0.08 	0.999979
0.08666667 	0.9999776
0.09333333 	0.9999762
0.1 	0.9999748
0.1066667 	0.9999691
0.1133333 	0.9999634
0.12 	0.9999577
0.1266667 	0.999952
0.1333333 	0.9999463
0.14 	0.9999401
0.1466667 	0.999934
0.1533333 	0.9999278
0.16 	0.9999216
0.1666667 	0.9999154
0.1733333 	0.9999105
0.18 	0.9999056
0.1866667 	0.9999008
0.1933333 	0.9998959
0.2 	0.999891
0.2066667 	0.9998864
0.2133333 	0.9998818
0.22 	0.9998772
0.2266667 	0.9998725
0.2333333 	0.9998679
0.24 	0.9998694
0.2466667 	0.9998708
0.2533333 	0.9998723
0.26 	0.9998737
0.2666667 	0.9998752
0.2733333 	0.9998867
0.28 	0.9998983
0.2866667 	0.9999099
0.2933333 	0.9999214
0.3 	0.999933
0.3066667 	0.9999432
0.3133333 	0.9999534
0.32 	0.9999636
0.3266667 	0.9999739
0.3333333 	0.9999841
0.34 	0.9999866
0.3466667 	0.9999891
0.3533333 	0.9999916
0.36 	0.9999941
0.3666667 	0.9999966
0.3733333 	0.9999956
0.38 	0.9999947
0.3866667 	0.9999938
0.3933333 	0.9999929
0.4 	0.999992
0.4066667 	0.9999868
0.4133333 	0.9999816
0.42 	0.9999764
0.4266667 	0.9999711
0.4333333 	0.9999659
0.44 	0.9999629
0.4466667 	0.99996
0.4533333 	0.999957
0.46 	0.999954
0.4666667 	0.999951
0.4733333 	0.9999553
0.48 	0.9999595
0.4866667 	0.9999638
0.4933333 	0.9999681
0.5 	0.9999723
0.5066667 	0.9999762
0.5133333 	0.9999801
0.52 	0.999984
0.5266667 	0.9999879
0.5333333 	0.9999918
0.54 	0.9999929
0.5466667 	0.999994
0.5533333 	0.999995
0.56 	0.9999961
0.5666667 	0.9999972
0.5733333 	0.9999969
0.58 	0.9999967
0.5866667 	0.9999964
0.5933333 	0.9999962
0.6 	0.9999959
0.6066667 	0.9999933
0.6133333 	0.9999906
0.62 	0.999988
0.6266667 	0.9999853
0.6333333 	0.9999827
0.64 	0.9999797
0.6466667 	0.9999768
0.6533333 	0.9999739
0.66 	0.999971
0.6666667 	0.9999681
0.6733333 	0.9999695
0.68 	0.9999709
0.6866667 	0.9999724
0.6933333 	0.9999738
0.7 	0.9999752
0.7066667 	0.9999785
0.7133333 	0.9999817
0.72 	0.999985
0.7266667 	0.9999882
0.7333333 	0.9999914
0.74 	0.9999911
0.7466667 	0.9999907
0.7533333 	0.9999903
0.76 	0.9999899
0.7666667 	0.9999896
0.7733333 	0.999977
0.78 	0.9999644
0.7866667 	0.9999518
0.7933333 	0.9999392
0.8 	0.9999266
0.8066667 	0.9996682
0.8133333 	0.9994097
0.82 	0.9991513
0.8266667 	0.9988929
0.8333333 	0.9986344
0.84 	0.9900147
0.8466667 	0.981395
0.8533333 	0.9727753
0.86 	0.9641556
0.8666667 	0.9555358
0.8733333 	0.8932873
0.88 	0.8310388
0.8866667 	0.7687903
0.8933333 	0.7065417
0.9 	0.6442932
0.9066667 	0.5543612
0.9133333 	0.4644291
0.92 	0.374497
0.9266667 	0.284565
0.9333333 	0.1946329
0.94 	0.1571729
0.9466667 	0.119713
0.9533333 	0.08225297
0.96 	0.04479298
0.9666667 	0.007332997
0.9733333 	0.005898184
0.98 	0.00446337
0.9866667 	0.003028557
0.9933333 	0.001593744
1 	0.0001589312
1.006667 	0.0001275877
1.013333 	9.624418e-05
1.02 	6.490065e-05
1.026667 	3.355712e-05
1.033333 	2.21359e-06
1.04 	1.771569e-06
1.046667 	1.329548e-06
1.053333 	8.875264e-07
1.06 	4.455051e-07
1.066667 	3.483801e-09
1.073333 	2.787083e-09
1.08 	2.090387e-09
1.086667 	1.393691e-09
1.093333 	6.969945e-10
1.1 	2.983781e-13
1.106667 	2.389236e-13
1.113333 	1.79469e-13
1.12 	1.200145e-13
1.126667 	6.056e-14
1.133333 	1.105483e-15
1.14 	8.915572e-16
1.146667 	6.776314e-16
1.153333 	4.637055e-16
1.16 	2.497797e-16
1.166667 	3.585392e-17
1.173333 	2.887957e-17
1.18 	2.190523e-17
1.186667 	1.493089e-17
1.193333 	7.956556e-18
1.2 	9.822178e-19
1.206667 	8.289799e-19
1.213333 	6.75742e-19
1.22 	5.225041e-19
1.226667 	3.692661e-19
1.233333 	2.160282e-19
1.24 	1.827826e-19
1.246667 	1.49537e-19
1.253333 	1.162914e-19
1.26 	8.30458e-20
1.266667 	4.98002e-20
1.273333 	4.107822e-20
1.28 	3.235625e-20
1.286667 	2.363427e-20
1.293333 	1.49123e-20
1.3 	6.190327e-21
1.306667 	5.006102e-21
1.313333 	3.821878e-21
1.32 	2.637654e-21
1.326667 	1.45343e-21
1.333333 	2.692056e-22
1.34 	2.158769e-22
1.346667 	1.625482e-22
1.353333 	1.092195e-22
1.36 	5.589079e-23
1.366667 	2.562095e-24
1.373333 	2.0504e-24
1.38 	1.538709e-24
1.386667 	1.027017e-24
1.393333 	5.153251e-25
1.4 	3.633303e-27
1.406667 	2.906755e-27
1.413333 	2.180208e-27
1.42 	1.45366e-27
1.426667 	7.271129e-28
1.433333 	5.655333e-31
1.44 	4.524315e-31
1.446667 	3.393297e-31
1.453333 	2.262278e-31
1.46 	1.13126e-31
1.466667 	2.416119e-35
1.473333 	1.932461e-35
1.48 	1.449369e-35
1.486667 	9.66276e-36
1.493333 	4.831836e-36
1.5 	9.109681e-40
1.506667 	7.287808e-40
1.513333 	5.465935e-40
1.52 	3.644061e-40
1.526667 	1.822188e-40
1.533333 	3.150717e-44
1.54 	2.520594e-44
1.546667 	1.890472e-44
1.553333 	1.260349e-44
1.56 	6.302261e-45
1.566667 	1.033383e-48
1.573333 	8.264611e-49
1.58 	6.198542e-49
1.586667 	4.132472e-49
1.593333 	2.066403e-49
1.6 	3.332233e-53
1.606667 	2.665808e-53
1.613333 	1.999383e-53
1.62 	1.332958e-53
1.626667 	6.665332e-54
1.633333 	1.08208e-57
1.64 	8.656709e-58
1.646667 	6.49262e-58
1.653333 	4.32853e-58
1.66 	2.16444e-58
1.666667 	3.502359e-62
1.673333 	2.801043e-62
1.68 	2.10081e-62
1.686667 	1.400576e-62
1.693333 	7.003429e-63
1.7 	1.095233e-66
1.706667 	8.76193e-67
1.713333 	6.571528e-67
1.72 	4.381127e-67
1.726667 	2.190725e-67
1.733333 	3.23939e-71
1.74 	2.59153e-71
1.746667 	1.94367e-71
1.753333 	1.29581e-71
1.76 	6.479498e-72
1.766667 	8.969753e-76
1.773333 	7.173257e-76
1.78 	5.380001e-76
1.786667 	3.586745e-76
1.793333 	1.793489e-76
1.8 	2.325849e-80
1.806667 	1.86069e-80
1.813333 	1.395532e-80
1.82 	9.303733e-81
1.826667 	4.652148e-81
1.833333 	5.636801e-85
1.84 	4.509466e-85
1.846667 	3.382132e-85
1.853333 	2.254797e-85
1.86 	1.127463e-85
1.866667 	1.286231e-89
1.873333 	1.028539e-89
1.88 	7.714116e-90
1.886667 	5.142837e-90
1.893333 	2.571558e-90
1.9 	2.787319e-94
1.906667 	2.229867e-94
1.913333 	1.672414e-94
1.92 	1.114962e-94
1.926667 	5.575098e-95
1.933333 	5.754793e-99
1.94 	4.603858e-99
1.946667 	3.452922e-99
1.953333 	2.301986e-99
1.96 	1.151051e-99
1.966667 	1.151147e-103
1.973333 	9.204575e-104
1.98 	6.903431e-104
1.986667 	4.602288e-104
1.993333 	2.301144e-104
2 	2.682522e-116
