0 	0.9999601
0.006666667 	0.9999619
0.01333333 	0.9999636
0.02 	0.9999653
0.02666667 	0.9999671
0.03333333 	0.9999688
0.04 	0.9999715
0.04666667 	0.9999741
0.05333333 	0.9999768
0.06 	0.9999795
0.06666667 	0.9999821
0.07333333 	0.9999805
0.08 	0.9999789
0.08666667 	0.9999772
0.09333333 	0.9999756
0.1 	0.999974
0.1066667 	0.9999662
0.1133333 	0.9999585
0.12 	0.9999507
0.1266667 	0.999943
0.1333333 	0.9999352
0.14 	0.9999298
0.1466667 	0.9999245
0.1533333 	0.9999191
0.16 	0.9999137
0.1666667 	0.9999083
0.1733333 	0.9999096
0.18 	0.999911
0.1866667 	0.9999123
0.1933333 	0.9999137
0.2 	0.999915
0.2066667 	0.999915
0.2133333 	0.9999149
0.22 	0.9999149
0.2266667 	0.9999149
0.2333333 	0.9999148
0.24 	0.9999125
0.2466667 	0.9999101
0.2533333 	0.9999078
0.26 	0.9999054
0.2666667 	0.9999031
0.2733333 	0.9999069
0.28 	0.9999106
0.2866667 	0.9999144
0.2933333 	0.9999182
0.3 	0.999922
0.3066667 	0.9999308
0.3133333 	0.9999396
0.32 	0.9999485
0.3266667 	0.9999573
0.3333333 	0.9999661
0.34 	0.9999713
0.3466667 	0.9999764
0.3533333 	0.9999815
0.36 	0.9999867
0.3666667 	0.9999918
0.3733333 	0.9999916
0.38 	0.9999914
0.3866667 	0.9999911
0.3933333 	0.9999909
0.4 	0.9999907
0.4066667 	0.999982
0.4133333 	0.9999733
0.42 	0.9999646
0.4266667 	0.999956
0.4333333 	0.9999473
0.44 	0.9999431
0.4466667 	0.999939
0.4533333 	0.9999348
0.46 	0.9999307
0.4666667 	0.9999265
0.4733333 	0.9999335
0.48 	0.9999404
0.4866667 	0.9999474
0.4933333 	0.9999544
0.5 	0.9999613
0.5066667 	0.9999668
0.5133333 	0.9999722
0.52 	0.9999776
0.5266667 	0.9999831
0.5333333 	0.9999885
0.54 	0.9999907
0.5466667 	0.9999929
0.5533333 	0.9999951
0.56 	0.9999973
0.5666667 	0.9999996
0.5733333 	0.9999994
0.58 	0.9999992
0.5866667 	0.999999
0.5933333 	0.9999989
0.6 	0.9999987
0.6066667 	0.9999952
0.6133333 	0.9999917
0.62 	0.9999882
0.6266667 	0.9999846
0.6333333 	0.9999811
0.64 	0.999977
0.6466667 	0.9999728
0.6533333 	0.9999686
0.66 	0.9999644
0.6666667 	0.9999603
0.6733333 	0.9999622
0.68 	0.9999642
0.6866667 	0.9999661
0.6933333 	0.9999681
0.7 	0.99997
0.7066667 	0.9999739
0.7133333 	0.9999777
0.72 	0.9999816
0.7266667 	0.9999854
0.7333333 	0.9999893
0.74 	0.999989
0.7466667 	0.9999888
0.7533333 	0.9999886
0.76 	0.9999884
0.7666667 	0.9999881
0.7733333 	0.999976
0.78 	0.9999638
0.7866667 	0.9999517
0.7933333 	0.9999395
0.8 	0.9999274
0.8066667 	0.9998152
0.8133333 	0.9997029
0.82 	0.9995907
0.8266667 	0.9994785
0.8333333 	0.9993663
0.84 	0.9980199
0.8466667 	0.9966735
0.8533333 	0.9953271
0.86 	0.9939807
0.8666667 	0.9926343
0.8733333 	0.9693538
0.88 	0.9460733
0.8866667 	0.9227928
0.8933333 	0.8995123
0.9 	0.8762318
0.9066667 	0.7963164
0.9133333 	0.716401
0.92 	0.6364856
0.9266667 	0.5565701
0.9333333 	0.4766547
0.94 	0.4010726
0.9466667 	0.3254905
0.9533333 	0.2499085
0.96 	0.1743264
0.9666667 	0.09874429
0.9733333 	0.08002838
0.98 	0.06131247
0.9866667 	0.04259657
0.9933333 	0.02388066
1 	0.005164753
1.006667 	0.004141255
1.013333 	0.003117758
1.02 	0.00209426
1.026667 	0.001070763
1.033333 	4.726504e-05
1.04 	3.78229e-05
1.046667 	2.838075e-05
1.053333 	1.893861e-05
1.06 	9.496466e-06
1.066667 	5.432337e-08
1.073333 	4.345931e-08
1.08 	3.259573e-08
1.086667 	2.173215e-08
1.093333 	1.086856e-08
1.1 	4.982315e-12
1.106667 	3.98907e-12
1.113333 	2.995825e-12
1.12 	2.00258e-12
1.126667 	1.009335e-12
1.133333 	1.609061e-14
1.14 	1.306316e-14
1.146667 	1.00357e-14
1.153333 	7.008237e-15
1.16 	3.980778e-15
1.166667 	9.53319e-16
1.173333 	7.792675e-16
1.18 	6.052161e-16
1.186667 	4.311648e-16
1.193333 	2.571134e-16
1.2 	8.306207e-17
1.206667 	6.801953e-17
1.213333 	5.297699e-17
1.22 	3.793446e-17
1.226667 	2.289192e-17
1.233333 	7.849377e-18
1.24 	6.347796e-18
1.246667 	4.846215e-18
1.253333 	3.344635e-18
1.26 	1.843054e-18
1.266667 	3.414737e-19
1.273333 	2.737407e-19
1.28 	2.060078e-19
1.286667 	1.382749e-19
1.293333 	7.054194e-20
1.3 	2.809017e-21
1.306667 	2.247612e-21
1.313333 	1.686207e-21
1.32 	1.124802e-21
1.326667 	5.633977e-22
1.333333 	1.993041e-24
1.34 	1.594447e-24
1.346667 	1.195853e-24
1.353333 	7.972594e-25
1.36 	3.986656e-25
1.366667 	7.179972e-29
1.373333 	5.742415e-29
1.38 	4.30685e-29
1.386667 	2.871286e-29
1.393333 	1.435722e-29
1.4 	1.579723e-33
1.406667 	1.263784e-33
1.413333 	9.478459e-34
1.42 	6.319072e-34
1.426667 	3.159686e-34
1.433333 	3.003936e-38
1.44 	2.403158e-38
1.446667 	1.802381e-38
1.453333 	1.201603e-38
1.46 	6.008259e-39
1.466667 	4.843473e-43
1.473333 	3.872389e-43
1.48 	2.904308e-43
1.486667 	1.936228e-43
1.493333 	9.68147e-44
1.5 	6.639281e-48
1.506667 	5.311441e-48
1.513333 	3.983601e-48
1.52 	2.655761e-48
1.526667 	1.327921e-48
1.533333 	8.049691e-53
1.54 	6.439771e-53
1.546667 	4.829851e-53
1.553333 	3.219931e-53
1.56 	1.61001e-53
1.566667 	9.022339e-58
1.573333 	7.211451e-58
1.58 	5.408612e-58
1.586667 	3.605773e-58
1.593333 	1.802934e-58
1.6 	9.510452e-63
1.606667 	7.608381e-63
1.613333 	5.70631e-63
1.62 	3.804238e-63
1.626667 	1.902167e-63
1.633333 	9.604804e-68
1.64 	7.683862e-68
1.646667 	5.762921e-68
1.653333 	3.841979e-68
1.66 	1.921037e-68
1.666667 	9.50612e-73
1.673333 	7.597231e-73
1.68 	5.697947e-73
1.686667 	3.798663e-73
1.693333 	1.899378e-73
1.7 	9.376691e-78
1.706667 	7.501371e-78
1.713333 	5.626052e-78
1.72 	3.750732e-78
1.726667 	1.875413e-78
1.733333 	9.338578e-83
1.74 	7.470881e-83
1.746667 	5.603185e-83
1.753333 	3.735488e-83
1.76 	1.867792e-83
1.766667 	9.515164e-88
1.773333 	7.60468e-88
1.78 	5.703534e-88
1.786667 	3.802389e-88
1.793333 	1.901243e-88
1.8 	9.750176e-93
1.806667 	7.80016e-93
1.813333 	5.850145e-93
1.82 	3.900129e-93
1.826667 	1.950114e-93
1.833333 	9.839691e-98
1.84 	7.871772e-98
1.846667 	5.903853e-98
1.853333 	3.935935e-98
1.86 	1.968016e-98
1.866667 	9.716251e-103
1.873333 	7.765148e-103
1.88 	5.823885e-103
1.886667 	3.882622e-103
1.893333 	1.941359e-103
1.9 	9.596658e-108
1.906667 	7.677345e-108
1.913333 	5.758032e-108
1.92 	3.838719e-108
1.926667 	1.919406e-108
1.933333 	9.365582e-113
1.94 	7.492483e-113
1.946667 	5.619385e-113
1.953333 	3.746287e-113
1.96 	1.873189e-113
1.966667 	9.048163e-118
1.973333 	7.231038e-118
1.98 	5.423278e-118
1.986667 	3.615519e-118
1.993333 	1.807759e-118
2 	2.107367e-130
