/*---------------------------------------------------------------------------*\
| =========                 |                                                 |
| \\      /  F ield         | OpenFOAM: The Open Source CFD Toolbox           |
|  \\    /   O peration     | Version:  v2006                                 |
|   \\  /    A nd           | Website:  www.openfoam.com                      |
|    \\/     M anipulation  |                                                 |
\*---------------------------------------------------------------------------*/
FoamFile
{
    version     2.0;
    format      ascii;
    class       dictionary;
    location    "constant";
    object      waveProperties;
}
// * * * * * * * * * * * * * * * * * * * * * * * * * * * * * * * * * * * * * //

inlet
{

    alpha            alpha.water;

    waveModel        irregularMultiDirectional;

    nPaddle          1;

    rampTime         2.0;

    activeAbsorption no;

    wavePeriods
    1000
    (
(2.468260053622327)
(2.4645827529729063)
(2.460916393167147)
(2.4572609254501607)
(2.453616301356314)
(2.4499824727070854)
(2.446359391608943)
(2.44274701045124)
(2.4391452819041293)
(2.4355541589164957)
(2.4319735947139094)
(2.428403542796591)
(2.424843956937403)
(2.4212947911798524)
(2.4177559998361113)
(2.4142275374850612)
(2.4107093589703443)
(2.407201419398441)
(2.4037036741367572)
(2.400216078811735)
(2.3967385893069735)
(2.3932711617613696)
(2.3898137525672736)
(2.386366318368661)
(2.3829288160593207)
(2.3795012027810594)
(2.3760834359219167)
(2.3726754731144037)
(2.3692772722337487)
(2.3658887913961646)
(2.362509988957126)
(2.359140823509664)
(2.355781253882674)
(2.35243123913924)
(2.3490907385749704)
(2.345759711716351)
(2.342438118319108)
(2.339125918366589)
(2.3358230720681576)
(2.332529539857595)
(2.329245282391526)
(2.325970260547847)
(2.3227044354241775)
(2.3194477683363153)
(2.316200220816712)
(2.312961754612958)
(2.309732331686279)
(2.306511914210048)
(2.30330046456831)
(2.3000979453543127)
(2.2969043193690593)
(2.2937195496198637)
(2.2905435993189265)
(2.287376431881915)
(2.284218010926561)
(2.2810683002712655)
(2.277927263933718)
(2.274794866129527)
(2.2716710712708608)
(2.2685558439650975)
(2.2654491490134925)
(2.262350951409849)
(2.2592612163392056)
(2.2561799091765304)
(2.253106995485429)
(2.2500424410168613)
(2.2469862117078687)
(2.2439382736803113)
(2.240898593239619)
(2.2378671368735463)
(2.234843871250942)
(2.23182876322053)
(2.2288217798096928)
(2.225822888223275)
(2.2228320558423853)
(2.219849250223219)
(2.216874439095882)
(2.213907590363228)
(2.2109486720997027)
(2.207997652550202)
(2.205054500128931)
(2.2021191834182816)
(2.199191671167713)
(2.1962719322926416)
(2.1933599358733424)
(2.1904556511538558)
(2.1875590475409075)
(2.184670094602831)
(2.1817887620685044)
(2.178915019826292)
(2.1760488379229956)
(2.173190186562813)
(2.1703390361063084)
(2.1674953570693822)
(2.1646591201222627)
(2.161830296088489)
(2.1590088559439184)
(2.156194770815729)
(2.1533880119814355)
(2.1505885508679135)
(2.147796359050427)
(2.1450114082516714)
(2.142233670340814)
(2.139463117332548)
(2.136699721386154)
(2.1339434548045677)
(2.1311942900334526)
(2.1284521996602828)
(2.1257171564134314)
(2.1229891331612682)
(2.12026810291126)
(2.1175540388090828)
(2.1148469141377353)
(2.1121467023166653)
(2.109453376900898)
(2.106766911580174)
(2.10408728017809)
(2.101414456651252)
(2.0987484150884286)
(2.0960891297097155)
(2.093436574865705)
(2.090790725036658)
(2.0881515548316907)
(2.085519038987957)
(2.0828931523698473)
(2.0802738699681855)
(2.0776611668994347)
(2.0750550184049117)
(2.072455399850003)
(2.069862286723389)
(2.0672756546362745)
(2.0646954793216215)
(2.062121736633394)
(2.0595544025458024)
(2.056993453152556)
(2.054438864666122)
(2.0518906134169876)
(2.04934867585293)
(2.046813028538291)
(2.044283648153256)
(2.041760511493139)
(2.0392435954676738)
(2.036732877100309)
(2.03422833352751)
(2.031729941998062)
(2.0292376798723852)
(2.0267515246218477)
(2.0242714538280877)
(2.021797445182341)
(2.01932947648477)
(2.0168675256438005)
(2.0144115706754633)
(2.011961589702738)
(2.009517560954906)
(2.007079462766903)
(2.004647273578681)
(2.0022209719345705)
(1.9998005364826525)
(1.99738594597413)
(1.994977179262706)
(1.9925742153039678)
(1.9901770331547735)
(1.987785611972642)
(1.9853999310151516)
(1.983019969639339)
(1.9806457073011023)
(1.978277123554614)
(1.9759141980517287)
(1.973556910541406)
(1.9712052408691265)
(1.9688591689763222)
(1.9665186748998036)
(1.9641837387711933)
(1.9618543408163651)
(1.9595304613548852)
(1.957212080799457)
(1.954899179655373)
(1.9525917385199663)
(1.9502897380820687)
(1.9479931591214725)
(1.9457019825083948)
(1.9434161892029467)
(1.941135760254606)
(1.9388606768016934)
(1.9365909200708527)
(1.9343264713765334)
(1.9320673121204792)
(1.929813423791219)
(1.9275647879635591)
(1.925321386298084)
(1.9230832005406557)
(1.9208502125219202)
(1.9186224041568134)
(1.9163997574440763)
(1.9141822544657676)
(1.9119698773867824)
(1.909762608454375)
(1.9075604299976843)
(1.90536332442726)
(1.9031712742345974)
(1.9009842619916701)
(1.8988022703504686)
(1.896625282042542)
(1.894453279878542)
(1.8922862467477717)
(1.8901241656177339)
(1.8879670195336868)
(1.8858147916182013)
(1.8836674650707181)
(1.881525023167113)
(1.8793874492592628)
(1.8772547267746114)
(1.8751268392157447)
(1.8730037701599642)
(1.870885503258863)
(1.8687720222379076)
(1.8666633108960213)
(1.8645593531051698)
(1.8624601328099495)
(1.8603656340271801)
(1.8582758408454982)
(1.8561907374249544)
(1.8541103079966141)
(1.8520345368621585)
(1.8499634083934904)
(1.847896907032343)
(1.8458350172898879)
(1.843777723746351)
(1.8417250110506258)
(1.8396768639198928)
(1.8376332671392404)
(1.8355942055612864)
(1.8335596641058063)
(1.8315296277593598)
(1.8295040815749213)
(1.8274830106715143)
(1.8254664002338472)
(1.8234542355119485)
(1.8214465018208108)
(1.819443184540031)
(1.8174442691134571)
(1.8154497410488337)
(1.8134595859174543)
(1.811473789353811)
(1.8094923370552505)
(1.807515214781629)
(1.8055424083549736)
(1.803573903659141)
(1.8016096866394815)
(1.7996497433025056)
(1.7976940597155502)
(1.7957426220064492)
(1.7937954163632057)
(1.7918524290336655)
(1.7899136463251935)
(1.7879790546043526)
(1.786048640296584)
(1.7841223898858887)
(1.7822002899145133)
(1.780282326982636)
(1.7783684877480554)
(1.776458758925881)
(1.7745531272882253)
(1.7726515796639)
(1.7707541029381102)
(1.7688606840521555)
(1.7669713100031281)
(1.7650859678436164)
(1.763204644681409)
(1.761327327679201)
(1.7594540040543014)
(1.7575846610783439)
(1.7557192860769981)
(1.7538578664296824)
(1.7520003895692806)
(1.7501468429818585)
(1.7482972142063833)
(1.7464514908344428)
(1.7446096605099701)
(1.7427717109289667)
(1.7409376298392283)
(1.7391074050400732)
(1.7372810243820718)
(1.7354584757667768)
(1.7336397471464566)
(1.7318248265238312)
(1.7300137019518058)
(1.7282063615332102)
(1.7264027934205386)
(1.72460298581569)
(1.7228069269697108)
(1.72101460518254)
(1.719226008802754)
(1.7174411262273155)
(1.7156599459013213)
(1.7138824563177537)
(1.7121086460172323)
(1.7103385035877678)
(1.7085720176645185)
(1.7068091769295444)
(1.705049970111568)
(1.703294385985733)
(1.7015424133733656)
(1.6997940411417376)
(1.6980492582038296)
(1.6963080535180985)
(1.6945704160882424)
(1.6928363349629707)
(1.6911057992357736)
(1.689378798044693)
(1.6876553205720954)
(1.685935356044447)
(1.6842188937320879)
(1.6825059229490094)
(1.6807964330526326)
(1.6790904134435882)
(1.6773878535654958)
(1.6756887429047487)
(1.673993070990295)
(1.6723008273934248)
(1.6706120017275536)
(1.6689265836480136)
(1.6672445628518384)
(1.665565929077556)
(1.6638906721049787)
(1.6622187817549967)
(1.6605502478893706)
(1.6588850604105274)
(1.657223209261357)
(1.655564684425009)
(1.6539094759246915)
(1.6522575738234722)
(1.6506089682240779)
(1.6489636492686974)
(1.6473216071387864)
(1.6456828320548702)
(1.64404731427635)
(1.6424150441013114)
(1.6407860118663304)
(1.6391602079462841)
(1.6375376227541611)
(1.6359182467408726)
(1.6343020703950648)
(1.6326890842429331)
(1.631079278848038)
(1.629472644811119)
(1.6278691727699126)
(1.6262688533989715)
(1.6246716774094825)
(1.6230776355490866)
(1.6214867186017017)
(1.619898917387344)
(1.618314222761951)
(1.6167326256172074)
(1.6151541168803696)
(1.6135786875140923)
(1.6120063285162554)
(1.6104370309197948)
(1.6088707857925293)
(1.6073075842369922)
(1.605747417390263)
(1.6041902764238007)
(1.6026361525432749)
(1.6010850369884022)
(1.5995369210327817)
(1.5979917959837293)
(1.5964496531821177)
(1.5949104840022132)
(1.5933742798515145)
(1.5918410321705931)
(1.5903107324329355)
(1.5887833721447842)
(1.587258942844979)
(1.5857374361048044)
(1.5842188435278308)
(1.582703156749762)
(1.5811903674382808)
(1.5796804672928968)
(1.5781734480447942)
(1.5766693014566806)
(1.5751680193226385)
(1.5736695934679739)
(1.572174015749069)
(1.5706812780532349)
(1.5691913722985646)
(1.5677042904337872)
(1.5662200244381221)
(1.5647385663211368)
(1.5632599081226015)
(1.5617840419123465)
(1.5603109597901232)
(1.5588406538854593)
(1.5573731163575206)
(1.5559083393949729)
(1.5544463152158405)
(1.5529870360673703)
(1.5515304942258947)
(1.550076681996695)
(1.5486255917138647)
(1.547177215740178)
(1.5457315464669517)
(1.5442885763139145)
(1.5428482977290756)
(1.5414107031885893)
(1.539975785196627)
(1.538543536285246)
(1.5371139490142594)
(1.5356870159711087)
(1.534262729770734)
(1.5328410830554475)
(1.5314220684948072)
(1.5300056787854894)
(1.5285919066511648)
(1.5271807448423744)
(1.5257721861364033)
(1.5243662233371593)
(1.5229628492750504)
(1.5215620568068617)
(1.520163838815635)
(1.5187681882105493)
(1.5173750979267984)
(1.5159845609254732)
(1.5145965701934443)
(1.513211118743242)
(1.5118281996129395)
(1.510447805866038)
(1.5090699305913482)
(1.5076945669028767)
(1.5063217079397109)
(1.5049513468659037)
(1.5035834768703633)
(1.502218091166736)
(1.5008551829932972)
(1.499494745612839)
(1.4981367723125578)
(1.4967812564039462)
(1.4954281912226814)
(1.4940775701285167)
(1.4927293865051725)
(1.491383633760229)
(1.490040305325018)
(1.488699394654516)
(1.487360895227239)
(1.486024800545135)
(1.4846911041334803)
(1.4833597995407748)
(1.482030880338637)
(1.480704340121701)
(1.4793801725075146)
(1.4780583711364355)
(1.4767389296715296)
(1.4754218417984708)
(1.4741071012254396)
(1.472794701683023)
(1.4714846369241144)
(1.4701769007238148)
(1.4688714868793356)
(1.4675683892098974)
(1.4662676015566354)
(1.464969117782501)
(1.4636729317721657)
(1.4623790374319243)
(1.461087428689601)
(1.4597980994944524)
(1.4585110438170747)
(1.4572262556493092)
(1.4559437290041484)
(1.4546634579156428)
(1.45338543643881)
(1.4521096586495406)
(1.4508361186445078)
(1.449564810541077)
(1.4482957284772133)
(1.447028866611393)
(1.4457642191225133)
(1.4445017802098037)
(1.4432415440927362)
(1.4419835050109386)
(1.440727657224105)
(1.4394739950119109)
(1.438222512673923)
(1.4369732045295158)
(1.4357260649177848)
(1.4344810881974597)
(1.4332382687468206)
(1.4319976009636142)
(1.4307590792649671)
(1.4295226980873041)
(1.4282884518862649)
(1.4270563351366197)
(1.4258263423321877)
(1.4245984679857564)
(1.423372706628997)
(1.4221490528123852)
(1.4209275011051217)
(1.419708046095048)
(1.4184906823885701)
(1.4172754046105773)
(1.416062207404364)
(1.4148510854315495)
(1.413642033372001)
(1.412435045923755)
(1.4112301178029412)
(1.410027243743703)
(1.4088264184981225)
(1.407627636836145)
(1.4064308935454997)
(1.4052361834316274)
(1.404043501317605)
(1.402852842044069)
(1.4016642004691415)
(1.4004775714683586)
(1.3992929499345934)
(1.3981103307779847)
(1.3969297089258639)
(1.395751079322682)
(1.394574436929937)
(1.3933997767261046)
(1.3922270937065628)
(1.3910563828835243)
(1.389887639285964)
(1.3887208579595494)
(1.3875560339665696)
(1.386393162385867)
(1.3852322383127667)
(1.384073256859009)
(1.3829162131526795)
(1.3817611023381406)
(1.380607919575966)
(1.3794566600428695)
(1.3783073189316404)
(1.3771598914510765)
(1.376014372825916)
(1.3748707582967719)
(1.3737290431200673)
(1.372589222567968)
(1.371451291928318)
(1.3703152465045754)
(1.3691810816157461)
(1.368048792596321)
(1.366918374796211)
(1.3657898235806842)
(1.3646631343303017)
(1.3635383024408556)
(1.3624153233233047)
(1.3612941924037139)
(1.3601749051231915)
(1.359057456937826)
(1.3579418433186272)
(1.3568280597514626)
(1.3557161017369974)
(1.3546059647906357)
(1.3534976444424562)
(1.3523911362371561)
(1.3512864357339898)
(1.350183538506709)
(1.3490824401435038)
(1.3479831362469454)
(1.3468856224339256)
(1.345789894335599)
(1.3446959475973264)
(1.343603777878615)
(1.3425133808530623)
(1.3414247522082994)
(1.3403378876459324)
(1.3392527828814877)
(1.3381694336443553)
(1.3370878356777303)
(1.3360079847385613)
(1.334929876597493)
(1.3338535070388087)
(1.332778871860379)
(1.3317059668736064)
(1.3306347879033678)
(1.3295653307879642)
(1.3284975913790649)
(1.3274315655416538)
(1.326367249153977)
(1.3253046381074889)
(1.3242437283067987)
(1.32318451566962)
(1.322126996126716)
(1.3210711656218483)
(1.3200170201117263)
(1.3189645555659535)
(1.3179137679669768)
(1.3168646533100368)
(1.3158172076031147)
(1.3147714268668833)
(1.3137273071346567)
(1.3126848444523374)
(1.3116440348783707)
(1.3106048744836922)
(1.309567359351678)
(1.3085314855780976)
(1.3074972492710637)
(1.3064646465509826)
(1.305433673550508)
(1.3044043264144902)
(1.3033766012999297)
(1.3023504943759292)
(1.301326001823645)
(1.3003031198362405)
(1.2992818446188394)
(1.298262172388478)
(1.297244099374058)
(1.2962276218163018)
(1.2952127359677044)
(1.294199438092488)
(1.2931877244665573)
(1.292177591377452)
(1.291169035124302)
(1.2901620520177832)
(1.2891566383800714)
(1.2881527905447976)
(1.2871505048570044)
(1.2861497776731)
(1.2851506053608155)
(1.2841529842991615)
(1.2831569108783811)
(1.2821623814999104)
(1.2811693925763323)
(1.2801779405313352)
(1.2791880217996687)
(1.2781996328271017)
(1.2772127700703793)
(1.2762274299971812)
(1.2752436090860788)
(1.2742613038264934)
(1.2732805107186553)
(1.272301226273561)
(1.2713234470129318)
(1.2703471694691748)
(1.2693723901853387)
(1.2683991057150752)
(1.2674273126225983)
(1.2664570074826424)
(1.2654881868804235)
(1.2645208474115992)
(1.2635549856822268)
(1.2625905983087264)
(1.26162768191784)
(1.260666233146591)
(1.259706248642248)
(1.2587477250622825)
(1.257790659074333)
(1.2568350473561647)
(1.255880886595631)
(1.2549281734906361)
(1.2539769047490967)
(1.2530270770889034)
(1.2520786872378837)
(1.2511317319337643)
(1.2501862079241335)
(1.2492421119664032)
(1.2482994408277743)
(1.2473581912851968)
(1.2464183601253347)
(1.2454799441445297)
(1.2445429401487635)
(1.2436073449536227)
(1.2426731553842627)
(1.2417403682753705)
(1.2408089804711304)
(1.2398789888251887)
(1.2389503902006158)
(1.238023181469874)
(1.23709735951478)
(1.2361729212264716)
(1.2352498635053721)
(1.2343281832611555)
(1.2334078774127124)
(1.2324889428881158)
(1.2315713766245864)
(1.2306551755684587)
(1.2297403366751483)
(1.2288268569091156)
(1.227914733243835)
(1.2270039626617597)
(1.226094542154289)
(1.2251864687217353)
(1.2242797393732914)
(1.223374351126996)
(1.2224703010097036)
(1.2215675860570498)
(1.22066620331342)
(1.2197661498319163)
(1.2188674226743272)
(1.217970018911093)
(1.2170739356212756)
(1.216179169892528)
(1.2152857188210586)
(1.214393579511605)
(1.2135027490773986)
(1.2126132246401358)
(1.2117250033299463)
(1.2108380822853617)
(1.2099524586532853)
(1.2090681295889625)
(1.2081850922559478)
(1.207303343826077)
(1.2064228814794358)
(1.2055437024043296)
(1.2046658037972544)
(1.2037891828628662)
(1.2029138368139518)
(1.2020397628713988)
(1.2011669582641669)
(1.2002954202292577)
(1.1994251460116865)
(1.1985561328644532)
(1.1976883780485112)
(1.1968218788327427)
(1.1959566324939268)
(1.1950926363167116)
(1.1942298875935866)
(1.1933683836248539)
(1.1925081217185998)
(1.1916490991906679)
(1.1907913133646295)
(1.189934761571757)
(1.189079441150996)
(1.1882253494489372)
(1.1873724838197899)
(1.1865208416253539)
(1.1856704202349926)
(1.1848212170256058)
(1.1839732293816032)
(1.1831264546948765)
(1.1822808903647737)
(1.1814365337980721)
(1.180593382408952)
(1.1797514336189694)
(1.1789106848570314)
(1.1780711335593679)
(1.1772327771695072)
(1.1763956131382503)
(1.1755596389236427)
(1.1747248519909514)
(1.173891249812638)
(1.1730588298683329)
(1.1722275896448107)
(1.1713975266359644)
(1.1705686383427802)
(1.169740922273313)
(1.1689143759426608)
(1.1680889968729395)
(1.1672647825932596)
(1.1664417306397001)
(1.165619838555284)
(1.1647991038899557)
(1.1639795242005537)
(1.1631610970507886)
(1.1623438200112186)
(1.1615276906592247)
(1.1607127065789873)
(1.1598988653614628)
(1.159086164604358)
(1.1582746019121088)
(1.1574641748958565)
(1.1566548811734214)
(1.155846718369283)
(1.1550396841145554)
(1.1542337760469632)
(1.1534289918108203)
(1.1526253290570052)
(1.1518227854429395)
(1.1510213586325644)
(1.150221046296318)
(1.1494218461111132)
(1.148623755760315)
(1.1478267729337177)
(1.1470308953275232)
(1.1462361206443188)
(1.1454424465930544)
(1.1446498708890214)
(1.1438583912538303)
(1.1430680054153883)
(1.1422787111078792)
(1.14149050607174)
(1.14070338805364)
(1.1399173548064594)
(1.1391324040892687)
(1.1383485336673056)
(1.137565741311955)
(1.1367840248007286)
(1.1360033819172413)
(1.1352238104511931)
(1.134445308198347)
(1.1336678729605072)
(1.132891502545501)
(1.1321161947671554)
(1.1313419474452786)
(1.1305687584056383)
(1.1297966254799423)
(1.1290255465058172)
(1.1282555193267896)
(1.1274865417922644)
(1.1267186117575059)
(1.125951727083618)
(1.1251858856375228)
(1.1244210852919427)
(1.1236573239253802)
(1.1228945994220971)
(1.1221329096720962)
(1.121372252571102)
(1.1206126260205396)
(1.119854027927518)
(1.119096456204809)
(1.1183399087708275)
(1.1175843835496153)
(1.116829878470819)
(1.116076391469673)
(1.1153239204869796)
(1.1145724634690912)
(1.1138220183678906)
(1.1130725831407735)
(1.1123241557506287)
(1.1115767341658205)
(1.1108303163601707)
(1.110084900312939)
(1.1093404840088055)
(1.1085970654378534)
(1.107854642595549)
(1.1071132134827253)
(1.1063727761055633)
(1.1056333284755744)
(1.1048948686095819)
(1.1041573945297052)
(1.1034209042633392)
(1.1026853958431393)
(1.1019508673070033)
(1.1012173166980523)
(1.1004847420646156)
(1.099753141460212)
(1.0990225129435327)
(1.098292854578425)
(1.0975641644338738)
(1.096836440583986)
(1.0961096811079727)
(1.0953838840901318)
(1.0946590476198328)
(1.0939351697914983)
(1.0932122487045888)
(1.0924902824635843)
(1.09176926917797)
(1.0910492069622173)
(1.0903300939357696)
(1.0896119282230246)
(1.0888947079533182)
(1.0881784312609086)
(1.08746309628496)
(1.086748701169526)
(1.0860352440635344)
(1.0853227231207707)
(1.0846111364998618)
(1.0839004823642615)
(1.0831907588822327)
(1.0824819642268333)
(1.0817740965759002)
(1.0810671541120334)
(1.0803611350225795)
(1.0796560374996187)
(1.0789518597399472)
(1.078248599945062)
(1.077546256321147)
(1.0768448270790565)
(1.0761443104342996)
(1.0754447046070272)
(1.0747460078220148)
(1.074048218308648)
(1.073351334300908)
(1.0726553540373567)
(1.0719602757611213)
(1.0712660977198805)
(1.0705728181658476)
(1.0698804353557592)
(1.069188947550858)
(1.0684983530168781)
(1.0678086500240331)
(1.0671198368469985)
(1.0664319117648993)
(1.0657448730612955)
(1.065058719024167)
(1.0643734479458993)
(1.0636890581232712)
(1.0630055478574387)
(1.0623229154539209)
(1.061641159222588)
(1.060960277477645)
(1.0602802685376194)
(1.0596011307253466)
(1.0589228623679565)
(1.0582454617968593)
(1.0575689273477324)
(1.0568932573605065)
(1.0562184501793515)
(1.0555445041526643)
(1.0548714176330534)
(1.0541991889773277)
(1.0535278165464814)
(1.052857298705681)
(1.052187633824253)
(1.05151882027567)
(1.0508508564375365)
(1.0501837406915782)
(1.0495174714236262)
(1.0488520470236065)
(1.0481874658855248)
(1.0475237264074557)
(1.0468608269915278)
(1.0461987660439123)
(1.0455375419748099)
(1.0448771531984373)
(1.044217598133016)
(1.0435588752007583)
(1.042900982827855)
(1.0422439194444642)
(1.0415876834846962)
(1.040932273386604)
(1.0402776875921684)
(1.0396239245472878)
(1.0389709827017637)
(1.0383188605092908)
(1.0376675564274422)
(1.0370170689176599)
(1.0363673964452413)
(1.035718537479326)
(1.0350704904928865)
(1.034423253962714)
(1.0337768263694072)
(1.0331312061973608)
(1.0324863919347531)
(1.0318423820735338)
(1.031199175109414)
(1.0305567695418523)
(1.0299151638740442)
(1.0292743566129114)
(1.028634346269088)
(1.0279951313569107)
(1.0273567103944072)
(1.0267190819032836)
(1.0260822444089142)
(1.0254461964403294)
(1.0248109365302052)
(1.0241764632148505)
(1.0235427750341974)
(1.022909870531789)
(1.0222777482547685)
(1.0216464067538686)
(1.0210158445833992)
(1.020386060301238)
(1.019757052468818)
(1.0191288196511172)
(1.018501360416648)
(1.017874673337446)
(1.0172487569890587)
(1.0166236099505357)
(1.015999230804417)
(1.015375618136723)
(1.0147527705369437)
(1.014130686598027)
(1.0135093649163702)
(1.0128888040918074)
(1.0122690027276002)
(1.0116499594304265)
(1.011031672810371)
(1.0104141414809136)
(1.0097973640589197)
(1.009181339164631)
(1.0085660654216517)
(1.0079515414569427)
(1.0073377659008083)
(1.006724737386887)
(1.0061124545521418)
(1.0055009160368493)
(1.0048901204845895)
(1.0042800665422376)
(1.003670752859951)
(1.0030621780911624)
(1.0024543408925677)
(1.001847239924117)
(1.0012408738490048)
(1.00063524133366)
(1.0000303410477367)
(0.9994261716641023)
(0.9988227318588314)
(0.9982200203111928)
(0.9976180357036416)
(0.9970167767218096)
(0.9964162420544946)
(0.9958164303936522)
(0.9952173404343858)
(0.9946189708749361)
(0.9940213204166737)
(0.9934243877640885)
(0.9928281716247795)
(0.9922326707094477)
(0.9916378837318848)
(0.9910438094089646)
    );

    waveHeights
    1000
    (
(0.002400396103713195)
(0.002424822405030631)
(0.0024492590580374)
(0.0024737036108598816)
(0.0024981536274085504)
(0.0025226066878686333)
(0.002547060389175591)
(0.002571512345475698)
(0.0025959601885716605)
(0.0026204015683534776)
(0.002644834153214602)
(0.002669255630453584)
(0.0026936637066612085)
(0.002718056108093424)
(0.0027424305810300116)
(0.0027667848921193116)
(0.0027911168287090187)
(0.0028154241991632874)
(0.002839704833166262)
(0.002863956582012185)
(0.002888177318882291)
(0.002912364939108634)
(0.0029365173604249855)
(0.002960632523205027)
(0.002984708390688013)
(0.003008742949192039)
(0.003032734208315178)
(0.003056680201124555)
(0.003080578984333706)
(0.003104428638468234)
(0.0031282272680201112)
(0.0031519730015907134)
(0.0031756639920228424)
(0.0031992984165218866)
(0.003222874476766376)
(0.0032463903990080454)
(0.0032698444341617053)
(0.0032932348578850077)
(0.003316559970648417)
(0.003339818097795503)
(0.003363007589593765)
(0.0033861268212762577)
(0.0034091741930740898)
(0.0034321481302401415)
(0.003455047083064061)
(0.0034778695268788385)
(0.0035006139620590844)
(0.003523278914011261)
(0.0035458629331560107)
(0.0035683645949028306)
(0.00359078249961721)
(0.0036131152725805147)
(0.003635361563942703)
(0.0036575200486681607)
(0.003679589426474783)
(0.0037015684217664604)
(0.0037234557835592397)
(0.003745250285401291)
(0.003766950725286807)
(0.0037885559255641217)
(0.0038100647328381397)
(0.0038314760178672644)
(0.003852788675455064)
(0.003874001624336694)
(0.0038951138070604514)
(0.0039161241898644)
(0.003937031762548433)
(0.003957835538341784)
(0.003978534553766236)
(0.003999127868495113)
(0.00401961456520831)
(0.004039993749443358)
(0.004060264549442865)
(0.004080426115998285)
(0.004100477622290324)
(0.0041204182637260165)
(0.004140247257772644)
(0.004159963843788678)
(0.004179567282851791)
(0.004199056857584161)
(0.004218431871975134)
(0.004237691651201412)
(0.00425683554144484)
(0.0042758629097080225)
(0.004294773143627722)
(0.004313565651286354)
(0.004332239861021496)
(0.004350795221233713)
(0.004369231200192642)
(0.0043875472858415756)
(0.004405742985600576)
(0.004423817826168224)
(0.004441771353322163)
(0.00445960313171849)
(0.004477312744690069)
(0.004494899794043928)
(0.004512363899857789)
(0.0045297047002758085)
(0.004546921851303683)
(0.004564015026603097)
(0.004580983917285737)
(0.004597828231706801)
(0.004614547695258229)
(0.004631142050161605)
(0.0046476110552609124)
(0.004663954485815127)
(0.004680172133290808)
(0.00469626380515465)
(0.004712229324666187)
(0.004728068530670607)
(0.004743781277391791)
(0.0047593674342256585)
(0.004774826885533812)
(0.004790159530437636)
(0.004805365282612781)
(0.004820444070084239)
(0.004835395835021903)
(0.004850220533536812)
(0.004864918135478009)
(0.004879488624230151)
(0.004893931996511842)
(0.004908248262174821)
(0.004922437444003935)
(0.004936499577518074)
(0.004950434710771961)
(0.004964242904158986)
(0.004977924230214997)
(0.004991478773423145)
(0.005004906630019815)
(0.005018207907801684)
(0.005031382725933879)
(0.005044431214759343)
(0.005057353515609403)
(0.005070149780615543)
(0.005082820172522482)
(0.005095364864502474)
(0.005107784039970979)
(0.005120077892403619)
(0.005132246625154513)
(0.005144290451275973)
(0.005156209593339613)
(0.005168004283258831)
(0.0051796747621127934)
(0.005191221279971781)
(0.005202644095724077)
(0.00521394347690428)
(0.005225119699523137)
(0.005236173047898878)
(0.005247103814490057)
(0.005257912299729951)
(0.005268598811862452)
(0.005279163666779566)
(0.005289607187860419)
(0.005299929705811866)
(0.005310131558510639)
(0.005320213090847124)
(0.0053301746545706625)
(0.0053400166081365025)
(0.0053497393165543)
(0.005359343151238249)
(0.00536882848985879)
(0.005378195716195948)
(0.005387445219994261)
(0.005396577396819302)
(0.0054055926479158545)
(0.005414491380067638)
(0.0054232740054586965)
(0.005431940941536343)
(0.005440492610875759)
(0.005448929441046149)
(0.0054572518644785415)
(0.00546546031833514)
(0.005473555244380324)
(0.005481537088853183)
(0.005489406302341689)
(0.005497163339658401)
(0.0055048086597178)
(0.005512342725415147)
(0.005519766003506943)
(0.005527078964492914)
(0.005534282082499589)
(0.005541375835165401)
(0.0055483607035273115)
(0.0055552371719090185)
(0.005562005727810624)
(0.005568666861799883)
(0.0055752210674049)
(0.00558166884100838)
(0.005588010681743326)
(0.005594247091390257)
(0.005600378574275864)
(0.0056064056371731615)
(0.005612328789203071)
(0.005618148541737459)
(0.005623865408303611)
(0.005629479904490133)
(0.0056349925478542465)
(0.0056404038578305215)
(0.005645714355640986)
(0.005650924564206592)
(0.0056560350080601205)
(0.005661046213260371)
(0.005665958707307763)
(0.005670773019061235)
(0.005675489678656503)
(0.005680109217425601)
(0.005684632167817769)
(0.005689059063321587)
(0.005693390438388442)
(0.005697626828357214)
(0.005701768769380267)
(0.00570581679835065)
(0.00570977145283056)
(0.005713633270981009)
(0.00571740279149272)
(0.005721080553518207)
(0.0057246670966050435)
(0.00572816296063033)
(0.005731568685736283)
(0.0057348848122670245)
(0.00573811188070646)
(0.005741250431617338)
(0.005744301005581368)
(0.005747264143140506)
(0.005750140384739255)
(0.005752930270668126)
(0.0057556343410081)
(0.005758253135576194)
(0.005760787193872027)
(0.0057632370550254625)
(0.005765603257745231)
(0.005767886340268592)
(0.005770086840311968)
(0.005772205295022582)
(0.005774242240931054)
(0.005776198213904962)
(0.0057780737491033626)
(0.005779869380932228)
(0.005781585643000837)
(0.005783223068079047)
(0.005784782188055513)
(0.005786263533896746)
(0.005787667635607104)
(0.0057889950221896086)
(0.005790246221607652)
(0.00579142176074753)
(0.005792522165381827)
(0.005793547960133608)
(0.005794499668441443)
(0.00579537781252522)
(0.005796182913352761)
(0.005796915490607214)
(0.0057975760626552105)
(0.005798165146515801)
(0.005798683257830122)
(0.005799130910831811)
(0.00579950861831815)
(0.005799816891621933)
(0.005800056240584024)
(0.0058002271735266425)
(0.005800330197227311)
(0.005800365816893497)
(0.005800334536137916)
(0.005800236856954499)
(0.0058000732796950095)
(0.005799844303046294)
(0.0057995504240081685)
(0.00579919213787193)
(0.005798769938199465)
(0.005798284316802978)
(0.0057977357637253035)
(0.005797124767220808)
(0.005796451813736848)
(0.005795717387895836)
(0.0057949219724778055)
(0.005794066048403593)
(0.005793150094718492)
(0.005792174588576497)
(0.005791140005225027)
(0.0057900468179901896)
(0.005788895498262549)
(0.0057876865154833776)
(0.00578642033713141)
(0.005785097428710086)
(0.00578371825373525)
(0.00578228327372333)
(0.005780792948179973)
(0.005779247734589117)
(0.005777648088402547)
(0.005775994463029832)
(0.005774287309828734)
(0.005772527078096019)
(0.005770714215058682)
(0.0057688491658655925)
(0.005766932373579519)
(0.0057649642791695625)
(0.0057629453215039764)
(0.00576087593734335)
(0.005758756561334188)
(0.005756587626002821)
(0.005754369561749723)
(0.0057521027968441335)
(0.005749787757419063)
(0.005747424867466619)
(0.0057450145488336605)
(0.0057425572212178)
(0.005740053302163717)
(0.00573750320705978)
(0.005734907349134987)
(0.00573226613945621)
(0.005729579986925735)
(0.0057268492982790855)
(0.005724074478083148)
(0.005721255928734572)
(0.005718394050458441)
(0.005715489241307222)
(0.005712541897159963)
(0.005709552411721786)
(0.005706521176523579)
(0.005703448580921997)
(0.005700335012099663)
(0.005697180855065626)
(0.005693986492656057)
(0.005690752305535161)
(0.005687478672196326)
(0.005684165968963485)
(0.0056808145699926964)
(0.0056774248472739345)
(0.005673997170633087)
(0.005670531907734144)
(0.005667029424081608)
(0.005663490083023071)
(0.005659914245751999)
(0.005656302271310681)
(0.005652654516593393)
(0.0056489713363496955)
(0.005645253083187942)
(0.0056415001075789195)
(0.005637712757859693)
(0.005633891380237579)
(0.005630036318794286)
(0.005626147915490216)
(0.00562222651016891)
(0.005618272440561626)
(0.005614286042292095)
(0.005610267648881372)
(0.005606217591752848)
(0.005602136200237406)
(0.005598023801578671)
(0.005593880720938411)
(0.005589707281402054)
(0.005585503803984326)
(0.005581270607634999)
(0.005577008009244759)
(0.005572716323651179)
(0.005568395863644798)
(0.005564046939975316)
(0.005559669861357869)
(0.005555264934479427)
(0.005550832464005254)
(0.0055463727525855095)
(0.005541886100861891)
(0.005537372807474395)
(0.005532833169068144)
(0.005528267480300316)
(0.005523676033847135)
(0.005519059120410948)
(0.005514417028727375)
(0.005509750045572533)
(0.005505058455770325)
(0.005500342542199807)
(0.005495602585802604)
(0.005490838865590411)
(0.005486051658652533)
(0.005481241240163504)
(0.0054764078833907425)
(0.005471551859702282)
(0.005466673438574538)
(0.005461772887600136)
(0.005456850472495785)
(0.005451906457110194)
(0.005446941103432039)
(0.005441954671597975)
(0.005436947419900674)
(0.005431919604796924)
(0.0054268714809157514)
(0.005421803301066582)
(0.0054167153162474405)
(0.005411607775653173)
(0.005406480926683714)
(0.005401335014952373)
(0.005396170284294149)
(0.005390986976774075)
(0.005385785332695588)
(0.005380565590608913)
(0.005375327987319486)
(0.005370072757896375)
(0.005364800135680742)
(0.005359510352294306)
(0.005354203637647834)
(0.005348880219949634)
(0.005343540325714072)
(0.0053381841797701035)
(0.005332812005269801)
(0.0053274240236969115)
(0.0053220204548754)
(0.0053166015169780236)
(0.005311167426534898)
(0.005305718398442069)
(0.0053002546459700916)
(0.0052947763807726185)
(0.005289283812894972)
(0.005283777150782739)
(0.005278256601290356)
(0.00527272236968968)
(0.0052671746596785855)
(0.005261613673389535)
(0.005256039611398156)
(0.005250452672731802)
(0.005244853054878139)
(0.005239240953793679)
(0.005233616563912342)
(0.005227980078153999)
(0.005222331687932999)
(0.005216671583166698)
(0.005210999952283972)
(0.00520531698223371)
(0.005199622858493311)
(0.005193917765077164)
(0.005188201884545096)
(0.005182475398010842)
(0.0051767384851504564)
(0.0051709913242107474)
(0.005165234092017678)
(0.0051594669639847416)
(0.00515369011412134)
(0.005147903715041131)
(0.005142107937970359)
(0.005136302952756166)
(0.0051304889278748905)
(0.0051246660304403325)
(0.005118834426212013)
(0.005112994279603406)
(0.005107145753690132)
(0.005101289010218165)
(0.005095424209611991)
(0.005089551510982743)
(0.005083671072136324)
(0.005077783049581501)
(0.005071887598537972)
(0.0050659848729444155)
(0.005060075025466506)
(0.00505415820750491)
(0.005048234569203254)
(0.005042304259456066)
(0.005036367425916691)
(0.005030424215005179)
(0.005024474771916149)
(0.005018519240626617)
(0.00501255776390381)
(0.005006590483312933)
(0.005000617539224924)
(0.00499463907082418)
(0.004988655216116234)
(0.004982666111935429)
(0.004976671893952542)
(0.004970672696682398)
(0.004964668653491427)
(0.004958659896605221)
(0.004952646557116035)
(0.004946628764990275)
(0.004940606649075948)
(0.004934580337110077)
(0.00492854995572609)
(0.004922515630461183)
(0.00491647748576364)
(0.0049104356450001265)
(0.0049043902304629515)
(0.004898341363377298)
(0.004892289163908422)
(0.004886233751168813)
(0.004880175243225333)
(0.00487411375710631)
(0.004868049408808612)
(0.004861982313304677)
(0.0048559125845495195)
(0.004849840335487694)
(0.004843765678060233)
(0.004837688723211558)
(0.004831609580896337)
(0.004825528360086323)
(0.0048194451687771705)
(0.0048133601139951875)
(0.004807273301804081)
(0.004801184837311662)
(0.0047950948246765065)
(0.004789003367114603)
(0.004782910566905942)
(0.004776816525401094)
(0.00477072134302774)
(0.004764625119297174)
(0.004758527952810769)
(0.004752429941266419)
(0.0047463311814649215)
(0.004740231769316363)
(0.0047341317998464425)
(0.00472803136720277)
(0.004721930564661129)
(0.004715829484631723)
(0.004709728218665355)
(0.0047036268574596005)
(0.004697525490864941)
(0.0046914242078908526)
(0.004685323096711877)
(0.004679222244673651)
(0.004673121738298895)
(0.004667021663293384)
(0.004660922104551878)
(0.00465482314616401)
(0.0046487248714201556)
(0.0046426273628172605)
(0.004636530702064638)
(0.004630434970089728)
(0.004624340247043834)
(0.004618246612307811)
(0.0046121541444977395)
(0.00460606292147055)
(0.004599973020329622)
(0.004593884517430352)
(0.004587797488385684)
(0.004581712008071607)
(0.004575628150632632)
(0.004569545989487217)
(0.004563465597333174)
(0.004557387046153041)
(0.0045513104072194156)
(0.004545235751100266)
(0.0045391631476642035)
(0.00453309266608572)
(0.004527024374850407)
(0.004520958341760128)
(0.004514894633938167)
(0.004508833317834337)
(0.004502774459230086)
(0.004496718123243516)
(0.004490664374334432)
(0.0044846132763093245)
(0.004478564892326316)
(0.004472519284900111)
(0.0044664765159068715)
(0.004460436646589099)
(0.004454399737560466)
(0.004448365848810616)
(0.004442335039709946)
(0.004436307369014347)
(0.004430282894869921)
(0.004424261674817662)
(0.004418243765798117)
(0.004412229224156003)
(0.004406218105644806)
(0.00440021046543135)
(0.0043942063581003275)
(0.004388205837658806)
(0.004382208957540714)
(0.004376215770611279)
(0.004370226329171452)
(0.004364240684962301)
(0.004358258889169364)
(0.004352280992426995)
(0.004346307044822659)
(0.004340337095901211)
(0.004334371194669146)
(0.004328409389598822)
(0.004322451728632641)
(0.004316498259187233)
(0.00431054902815757)
(0.004304604081921092)
(0.004298663466341788)
(0.00429272722677424)
(0.004286795408067655)
(0.004280868054569875)
(0.004274945210131335)
(0.004269026918109021)
(0.004263113221370385)
(0.00425720416229724)
(0.004251299782789624)
(0.004245400124269647)
(0.004239505227685301)
(0.004233615133514247)
(0.0042277298817675855)
(0.004221849511993583)
(0.004215974063281395)
(0.004210103574264743)
(0.004204238083125578)
(0.004198377627597717)
(0.0041925222449704595)
(0.004186671972092152)
(0.0041808268453737765)
(0.004174986900792468)
(0.004169152173895031)
(0.0041633226998014266)
(0.004157498513208237)
(0.0041516796483921006)
(0.004145866139213133)
(0.004140058019118307)
(0.004134255321144829)
(0.004128458077923483)
(0.004122666321681942)
(0.004116880084248071)
(0.0041110993970532)
(0.004105324291135373)
(0.004099554797142574)
(0.004093790945335937)
(0.004088032765592919)
(0.004082280287410464)
(0.004076533539908148)
(0.004070792551831271)
(0.0040650573515539756)
(0.004059327967082302)
(0.004053604426057234)
(0.00404788675575774)
(0.0040421749831037615)
(0.004036469134659202)
(0.004030769236634901)
(0.004025075314891554)
(0.004019387394942644)
(0.004013705501957342)
(0.004008029660763375)
(0.004002359895849891)
(0.0039966962313702946)
(0.003991038691145053)
(0.003985387298664503)
(0.003979742077091622)
(0.003974103049264779)
(0.00396847023770047)
(0.003962843664596041)
(0.003957223351832372)
(0.003951609320976555)
(0.003946001593284559)
(0.0039404001897038465)
(0.0039348051308760144)
(0.003929216437139379)
(0.003923634128531545)
(0.00391805822479199)
(0.003912488745364584)
(0.003906925709400118)
(0.003901369135758817)
(0.003895819043012808)
(0.003890275449448601)
(0.0038847383730695336)
(0.0038792078315981974)
(0.0038736838424788533)
(0.003868166422879831)
(0.0038626555896958976)
(0.003857151359550618)
(0.003851653748798706)
(0.003846162773528335)
(0.0038406784495634526)
(0.0038352007924660736)
(0.0038297298175385404)
(0.0038242655398257894)
(0.0038188079741175904)
(0.0038133571349507553)
(0.0038079130366113607)
(0.003802475693136927)
(0.003797045118318585)
(0.0037916213257032498)
(0.0037862043285957427)
(0.0037807941400609213)
(0.0037753907729257937)
(0.0037699942397815983)
(0.003764604552985888)
(0.0037592217246645897)
(0.003753845766714044)
(0.0037484766908030395)
(0.003743114508374827)
(0.0037377592306491133)
(0.003732410868624046)
(0.0037270694330781883)
(0.0037217349345724632)
(0.0037164073834520944)
(0.003711086789848537)
(0.003705773163681377)
(0.0037004665146602293)
(0.0036951668522866243)
(0.0036898741858558577)
(0.0036845885244588604)
(0.003679309876984028)
(0.003674038252119033)
(0.0036687736583526534)
(0.003663516103976558)
(0.0036582655970870837)
(0.003653022145587013)
(0.0036477857571873213)
(0.0036425564394089185)
(0.0036373341995843828)
(0.003632119044859665)
(0.003626910982195795)
(0.0036217100183705683)
(0.0036165161599802224)
(0.003611329413441093)
(0.0036061497849912715)
(0.003600977280692232)
(0.0035958119064304597)
(0.003590653667919064)
(0.003585502570699368)
(0.0035803586201425025)
(0.0035752218214509797)
(0.003570092179660247)
(0.0035649696996402414)
(0.0035598543860969317)
(0.003554746243573828)
(0.003549645276453512)
(0.003544551488959132)
(0.003539464885155884)
(0.0035343854689525054)
(0.0035293132441027277)
(0.0035242482142067385)
(0.0035191903827126265)
(0.0035141397529178066)
(0.0035090963279704457)
(0.003504060110870875)
(0.003499031104472982)
(0.003494009311485602)
(0.003488994734473897)
(0.0034839873758607184)
(0.0034789872379279597)
(0.003473994322817911)
(0.0034690086325345803)
(0.003464030168945024)
(0.003459058933780663)
(0.0034540949286385766)
(0.0034491381549827975)
(0.0034441886141456024)
(0.003439246307328766)
(0.003434311235604843)
(0.0034293833999184085)
(0.0034244628010872942)
(0.0034195494398038375)
(0.003414643316636087)
(0.003409744432029022)
(0.003404852786305759)
(0.0033999683796687363)
(0.003395091212200903)
(0.0033902212838668932)
(0.0033853585945141885)
(0.0033805031438742745)
(0.0033756549315637884)
(0.0033708139570856545)
(0.0033659802198302093)
(0.0033611537190763306)
(0.003356334453992534)
(0.0033515224236380812)
(0.003346717626964077)
(0.003341920062814541)
(0.0033371297299274894)
(0.003332346626936006)
(0.0033275707523692842)
(0.003322802104653694)
(0.003318040682113812)
(0.003313286482973451)
(0.0033085395053566963)
(0.003303799747288908)
(0.0032990672066977333)
(0.0032943418814141106)
(0.0032896237691732526)
(0.0032849128676156318)
(0.0032802091742879604)
(0.0032755126866441516)
(0.0032708234020462786)
(0.0032661413177655333)
(0.003261466430983161)
(0.0032567987387914026)
(0.0032521382381944224)
(0.003247484926109226)
(0.0032428387993665747)
(0.003238199854711897)
(0.0032335680888061777)
(0.0032289434982268558)
(0.0032243260794687094)
(0.0032197158289447234)
(0.0032151127429869706)
(0.0032105168178474704)
(0.003205928049699035)
(0.0032013464346361334)
(0.003196771968675724)
(0.0031922046477580826)
(0.0031876444677476465)
(0.0031830914244338217)
(0.0031785455135318)
(0.0031740067306833737)
(0.0031694750714577244)
(0.003164950531352226)
(0.00316043310579323)
(0.0031559227901368446)
(0.003151419579669711)
(0.0031469234696097723)
(0.003142434455107034)
(0.0031379525312443188)
(0.0031334776930380193)
(0.003129009935438836)
(0.0031245492533325194)
(0.0031200956415405974)
(0.0031156490948211013)
(0.003111209607869282)
(0.00310677717531833)
(0.0031023517917400704)
(0.0030979334516456755)
(0.0030935221494863547)
(0.003089117879654038)
(0.0030847206364820736)
(0.0030803304142458915)
(0.003075947207163683)
(0.0030715710093970664)
(0.003067201815051746)
(0.0030628396181781687)
(0.003058484412772177)
(0.0030541361927756442)
(0.003049794952077123)
(0.0030454606845124773)
(0.003041133383865504)
(0.003036813043868563)
(0.0030324996582031948)
(0.0030281932205007273)
(0.003023893724342887)
(0.0030196011632624047)
(0.003015315530743604)
(0.0030110368202230014)
(0.003006765025089892)
(0.003002500138686924)
(0.0029982421543106874)
(0.0029939910652122806)
(0.002989746864597873)
(0.0029855095456292786)
(0.002981279101424504)
(0.002977055525058307)
(0.002972838809562743)
(0.0029686289479277095)
(0.0029644259331014825)
(0.002960229757991257)
(0.00295604041546367)
(0.0029518578983453296)
(0.002947682199423336)
(0.0029435133114457967)
(0.0029393512271223376)
(0.0029351959391246147)
(0.002931047440086813)
(0.0029269057226061447)
(0.0029227707792433507)
(0.002918642602523184)
(0.002914521184934896)
(0.0029104065189327266)
(0.002906298596936367)
(0.002902197411331451)
(0.0028981029544700144)
(0.002894015218670956)
(0.0028899341962205127)
(0.002885859879372706)
(0.0028817922603497975)
(0.002877731331342744)
(0.0028736770845116362)
(0.0028696295119861434)
(0.0028655886058659547)
(0.0028615543582212054)
(0.0028575267610929144)
(0.002853505806493409)
(0.0028494914864067465)
(0.002845483792789132)
(0.0028414827175693384)
(0.0028374882526491156)
(0.002833500389903597)
(0.002829519121181708)
(0.0028255444383065644)
(0.002821576333075871)
(0.0028176147972623165)
(0.00281365982261396)
(0.002809711400854625)
(0.0028057695236842796)
(0.002801834182779412)
(0.0027979053697934175)
(0.0027939830763569658)
(0.00279006729407837)
(0.0027861580145439593)
(0.0027822552293184396)
(0.0027783589299452513)
(0.0027744691079469343)
(0.0027705857548254733)
(0.002766708862062655)
(0.0027628384211204155)
(0.002758974423441182)
(0.002755116860448215)
(0.0027512657235459533)
(0.00274742100412034)
(0.0027435826935391597)
(0.0027397507831523724)
(0.0027359252642924323)
(0.002732106128274615)
(0.0027282933663973436)
(0.002724486969942494)
(0.002720686930175723)
(0.0027168932383467756)
(0.0027131058856897892)
(0.002709324863423609)
(0.002705550162752088)
(0.0027017817748643835)
(0.0026980196909352646)
(0.0026942639021254005)
(0.0026905143995816553)
(0.002686771174437381)
(0.0026830342178127014)
(0.0026793035208147976)
(0.0026755790745381946)
(0.002671860870065035)
(0.002668148898465359)
(0.002664443150797382)
(0.002660743618107761)
(0.002657050291431867)
(0.0026533631617940557)
(0.002649682220207925)
(0.0026460074576765812)
(0.002642338865192902)
(0.0026386764337397884)
(0.0026350201542904195)
(0.002631370017808514)
(0.0026277260152485654)
(0.002624088137556105)
(0.0026204563756679427)
(0.0026168307205124007)
(0.0026132111630095705)
(0.002609597694071541)
(0.0026059903046026377)
(0.00260238898549966)
(0.0025987937276521077)
(0.0025952045219424166)
(0.0025916213592461833)
(0.0025880442304323918)
(0.0025844731263636356)
(0.0025809080378963426)
(0.0025773489558809913)
(0.0025737958711623266)
(0.0025702487745795826)
(0.002566707656966686)
(0.0025631725091524726)
(0.0025596433219608984)
(0.002556120086211241)
(0.0025526027927183074)
(0.0025490914322926416)
(0.002545585995740715)
(0.002542086473865138)
(0.002538592857464851)
(0.0025351051373353156)
(0.00253162330426872)
(0.002528147349054158)
(0.002524677262477829)
(0.0025212130353232188)
(0.0025177546583712903)
(0.0025143021224006646)
(0.0025108554181878075)
(0.0025074145365072058)
(0.0025039794681315486)
(0.002500550203831906)
(0.002497126734377902)
(0.0024937090505378883)
(0.00249029714307912)
(0.002486891002767921)
(0.0024834906203698554)
(0.002480095986649897)
(0.0024767070923725877)
(0.0024733239283022076)
(0.002469946485202937)
(0.0024665747538390095)
(0.0024632087249748806)
(0.0024598483893753815)
(0.0024564937378058686)
(0.0024531447610323886)
(0.0024498014498218223)
(0.0024464637949420387)
(0.0024431317871620476)
(0.0024398054172521414)
(0.002436484675984046)
(0.0024331695541310668)
(0.002429860042468228)
(0.002426556131772416)
(0.002423257812822525)
(0.002419965076399588)
(0.002416677913286921)
(0.002413396314270257)
(0.002410120270137881)
(0.002406849771680762)
(0.00240358480969269)
(0.0024003253749704007)
(0.0023970714583137092)
(0.0023938230505256386)
(0.0023905801424125403)
(0.002387342724784228)
(0.002384110788454098)
(0.0023808843242392494)
(0.0023776633229606096)
(0.0023744477754430557)
(0.0023712376725155246)
    );

    wavePhases
    1000
    (
(2.3173655123952956)
(3.4026450909576984)
(1.1854912855333268)
(3.9303298435216667)
(3.0002492265568304)
(2.715641616833428)
(3.2405809024306187)
(2.178188511000776)
(2.406024396892179)
(4.434280312741692)
(0.9188810538477926)
(4.6933639757354175)
(0.238284772824934)
(3.2008238746252715)
(3.2456519438505174)
(0.833855542502468)
(4.6790885709431675)
(1.1899289200115644)
(6.2435219162544655)
(3.828492158431556)
(2.494833873743602)
(0.36525658741702766)
(3.5268998588918232)
(4.6257785562321185)
(4.627812929349562)
(5.734683411458594)
(0.3086581923792251)
(2.6342843306419956)
(5.242454951762288)
(6.042873003919572)
(0.4700200841999703)
(5.5044481845532225)
(5.361954808262137)
(2.2387235166305577)
(5.377559445650757)
(0.09317033927141105)
(0.8215685394656884)
(3.65932085851418)
(0.7101600031556637)
(0.5183003725930765)
(2.674950475377727)
(2.4295801392263026)
(2.2151734204933553)
(1.1016498121505545)
(5.3964282151248195)
(1.9766121824918597)
(4.815659126570763)
(4.834649872004941)
(5.381327296044731)
(4.124398988880843)
(6.152830561352026)
(0.7394211056913643)
(2.734636227366272)
(3.4326148252362363)
(3.0500968269301993)
(3.008089138666273)
(2.544947620014999)
(4.013474616774358)
(5.230983767813597)
(0.2874317303382005)
(4.227651055694033)
(1.760511773884034)
(0.14181081398612097)
(2.972987309163157)
(5.638160762183325)
(3.733672162242071)
(4.879222316028844)
(4.482636780914454)
(2.0983307434785026)
(4.802843691234722)
(5.205065797805466)
(4.241340998193498)
(4.7316482132239495)
(2.18491356662049)
(4.338127630803833)
(4.3798177772648454)
(5.9977388099449565)
(2.615127139673852)
(5.434363712335411)
(5.689703962565182)
(3.253509406610127)
(1.8088067329865103)
(3.616342901247315)
(3.9332169413413727)
(3.579092478053607)
(5.586676733517118)
(1.4356852468563215)
(2.688994716292109)
(0.7354315381469404)
(5.670091648673391)
(2.1029463396609764)
(2.4124590741888645)
(2.917773317026802)
(4.075054345525994)
(0.40047355288174696)
(4.132076222424719)
(0.73597375522121)
(4.739550600653917)
(2.390383552535301)
(2.399850014919586)
(2.5248930732174664)
(3.9358577198652216)
(2.1949348683966954)
(5.641855022397512)
(4.519166665364118)
(3.5432899456384863)
(4.190501573794901)
(1.8881123721375705)
(3.320003196366395)
(2.9565112386393233)
(3.7360015700013327)
(3.662623289504966)
(0.16621194115105448)
(2.7300838938665777)
(4.334269537759934)
(5.803794805600013)
(0.8358267424730422)
(4.761449805254144)
(2.517840611224931)
(1.901088519158028)
(5.61270815619922)
(1.2867697043975075)
(1.738767350109566)
(3.501065430700024)
(3.618986632915221)
(4.055147572747488)
(3.3738816913757943)
(6.159614617199308)
(0.6468317801874081)
(5.567908572099266)
(1.7168405007481298)
(2.50699476190215)
(3.2574720597036566)
(4.589804135444271)
(2.340983158691965)
(1.5065177570631902)
(3.659251414937038)
(3.7828905405045483)
(2.3665142003380444)
(1.883942233817938)
(3.479724223430764)
(5.086486131056285)
(0.7346267318847652)
(4.64060309173762)
(2.1319421781199184)
(0.06428309134099323)
(2.819999990156805)
(4.953928952715395)
(6.0633465529416855)
(6.276081484414409)
(4.1720215730274814)
(2.270281461476764)
(5.03141482225617)
(1.0416900868543693)
(4.168981560496984)
(0.667588832089747)
(5.812469239328367)
(0.3840738946636621)
(0.3463068260753779)
(6.228280868606419)
(1.4891873678791585)
(4.480211045445931)
(0.7946404013515154)
(1.9140468545187936)
(0.029017877156954957)
(4.722382895607431)
(0.42215588212719446)
(2.5278870272349323)
(1.8463209459122185)
(4.1878054989637095)
(4.98919632955708)
(5.2094927863761225)
(1.6400558174806694)
(5.479070734093815)
(0.8729970776666295)
(1.1636599144038775)
(4.536156657811119)
(3.4666254863624686)
(2.7577504923696603)
(4.534717348092707)
(6.053304199642041)
(4.333768161310335)
(0.5502427011773176)
(6.163135272083729)
(2.268168397208389)
(4.012983709622699)
(3.6145195566683377)
(4.4450592929493435)
(2.396593297084435)
(0.9577472548753864)
(3.829923235794241)
(4.154846656506202)
(0.6333161762123578)
(3.5540410622748406)
(5.636196608275016)
(5.4425522985948325)
(1.4014086723985968)
(3.981967918154698)
(2.522188587471478)
(0.5065570795096749)
(5.375407694398132)
(2.4721969162821504)
(1.3985952295979414)
(3.501619506343777)
(6.0092017420253825)
(3.0757027403081914)
(4.988577740760774)
(3.5597622063096037)
(0.7919206170352827)
(6.228331513415288)
(1.2078843565137094)
(5.342480054598816)
(3.9592585159441476)
(2.999111393067502)
(1.2435522849760012)
(2.496870503153572)
(6.247410199048817)
(0.2289911815359804)
(5.914748480198523)
(2.568928916471158)
(4.889149841929495)
(4.969567562660192)
(1.6823562293813146)
(5.9255513095603245)
(5.612888358919444)
(0.07169442668447769)
(5.4383328270412425)
(4.58094928624016)
(2.8709965934209243)
(3.283423543419291)
(3.793190650737426)
(6.245751173108995)
(2.2475061167228927)
(5.632657965272366)
(2.6515785710930078)
(2.8799074545796604)
(5.537369036644126)
(4.159769735652496)
(2.8575661727520667)
(5.567015022612508)
(4.387296457156071)
(5.386842073639317)
(4.578113835146426)
(5.071436545160818)
(5.874882842480488)
(4.435812429111585)
(4.383999453899465)
(2.138351062677843)
(1.4710043819587038)
(0.6393315484865713)
(2.7351192533550357)
(2.934253571147424)
(5.766963389617604)
(5.396584867872878)
(0.4633686757469588)
(5.434365552361751)
(5.017043970553444)
(6.258769404137366)
(6.081175288060092)
(1.7452695014092272)
(3.54914731264999)
(5.29339536745169)
(5.038441628118801)
(5.103449845181208)
(4.937308758344341)
(2.4133463607179753)
(3.7389487805481454)
(5.71238326699128)
(5.510216330807909)
(4.137536777863977)
(2.4483546982267983)
(0.13582011067294886)
(2.4596159279601397)
(1.489624571548394)
(3.899849957043195)
(4.636412621350918)
(3.345639359518041)
(6.170464368798431)
(4.754834166681398)
(1.1971641043130554)
(0.8246522160349188)
(1.5271835237523008)
(5.167649894566266)
(2.140548962428957)
(4.0401806693103035)
(2.7504648653502954)
(3.8937070787840535)
(3.449398452372503)
(0.39920984127147535)
(4.903364964310274)
(0.7750941353620084)
(0.039286831533525975)
(5.900400468542624)
(4.42839982299527)
(5.289918437547753)
(3.2738718719615005)
(6.027690483131447)
(2.1142451706769094)
(4.9067246407186484)
(4.455026623713507)
(0.8112795755189909)
(2.38345083676113)
(5.618190504763264)
(1.859830572054709)
(2.420907869642321)
(0.6464713849424184)
(4.926058064347151)
(2.738352528342822)
(3.9768154979941017)
(2.617062260524137)
(4.681114594069289)
(5.917611487162472)
(0.11246021523286315)
(0.17674767849333953)
(0.0671757197162566)
(0.5951907065770381)
(4.889838447587773)
(0.7487982341317879)
(6.081940823186218)
(2.8916000150965084)
(1.3510873070075857)
(1.1065394269875044)
(1.8273967841431695)
(4.586194100903429)
(6.126754142997591)
(0.44608115025217887)
(3.3593756449292407)
(3.868293410402274)
(3.8610270028418237)
(2.9174581811142404)
(4.5941905175404765)
(5.473236294354435)
(0.7793812779335785)
(1.0365544839380123)
(4.496270256913451)
(2.2754367074373385)
(3.331856980719919)
(2.8104583771564844)
(0.67443153826644)
(4.350045448709081)
(4.063336142797808)
(5.721095344512455)
(5.214721410581656)
(1.814363396624115)
(1.164967097324613)
(1.3624768090810893)
(5.20738606547254)
(2.4072517061011185)
(1.0777579226372975)
(2.2368700933016332)
(2.46869998336778)
(0.8078410191997988)
(1.3631004347368378)
(6.019380345598087)
(3.2775241003362754)
(2.0250279173256036)
(5.978297997399658)
(1.340063992555766)
(3.094996189736492)
(2.7418959194865913)
(3.6829771635528794)
(3.49001124400096)
(6.160236071909474)
(1.302746241419156)
(2.175139033023031)
(0.007789539462998616)
(6.006165164740492)
(5.319912446671451)
(4.411100240882956)
(2.009737642658823)
(1.3059607642349194)
(0.1030877121894538)
(1.6717306735453048)
(1.1678887758058378)
(5.7827674356294745)
(0.13168654328832577)
(2.585928029176006)
(3.4567604305702164)
(1.0556745665263603)
(3.175677864081927)
(5.4995678413210785)
(3.99830644428626)
(2.7356465803221375)
(0.5913392968693413)
(3.7694022756322023)
(2.7038704095115453)
(2.3846922093468312)
(3.812959467253284)
(2.488703044362429)
(2.7035658718739377)
(3.004325890930525)
(2.743768299940037)
(1.5541455990836563)
(0.04392464901523371)
(2.530675092827456)
(5.700115588409373)
(6.154646893775273)
(1.3589679542833626)
(0.7722158812509575)
(0.3826578433199866)
(5.591959489496735)
(3.023366602298695)
(0.6464450866066949)
(1.340328048636495)
(0.03951074909685871)
(5.931175351908186)
(5.0492527414572725)
(6.102989986672974)
(1.8489322676425572)
(3.6612687764807816)
(5.365190210977914)
(4.656639925188404)
(3.882434585571682)
(4.287147327463717)
(6.1435838690255276)
(0.9615952023829724)
(1.803089129434354)
(0.016781068624882177)
(1.629259624090976)
(2.328443283995365)
(3.7532948079874084)
(2.215005218709162)
(1.2691757976282785)
(2.9734813745588218)
(4.562622814611838)
(4.24027819220044)
(0.17450385321221668)
(1.5751427037974177)
(2.6332458491196036)
(2.8432564602727086)
(1.9481021009278683)
(5.5250151183476905)
(3.0718334670701797)
(3.6177560679338296)
(0.7155125096643227)
(0.8052313140785784)
(5.502630484064607)
(5.350440859707351)
(1.530544084804146)
(5.12643027548746)
(1.083208887664033)
(3.651525546466287)
(0.3313893203177507)
(4.388204272158859)
(4.183201225405171)
(5.955818711022762)
(3.332325049809847)
(0.5913059538622994)
(2.2190886230742417)
(1.3094461419643861)
(3.108175217512749)
(5.920332406332697)
(0.21336032654155265)
(2.7449875746604735)
(3.3947185367194237)
(0.28795117776844903)
(1.729071323478065)
(5.382858565724267)
(6.089872697485874)
(1.9617698343691605)
(4.442127610668444)
(0.17547267808139938)
(2.1602669493656004)
(5.42942439307588)
(4.217843737217783)
(2.4099686301237444)
(5.051906024107206)
(1.5683733937080835)
(4.945630110658104)
(4.478606832076624)
(0.7960974202922576)
(0.46676233589036137)
(1.2716283204964256)
(6.217534682677488)
(3.858755487832461)
(5.696341985998472)
(2.6055585230628995)
(4.679507951691409)
(1.3948888809056519)
(1.0465095051437538)
(5.32116876762358)
(1.3073733594746657)
(0.3392927418130384)
(1.222856034778722)
(1.5514841254461398)
(5.826291393827093)
(1.5551119463317977)
(0.12296175584590133)
(4.8624739619521335)
(3.401878170780942)
(5.439150895917475)
(0.09533105107043587)
(1.4858299234693744)
(3.020452834606392)
(6.258980343494493)
(4.578176510144687)
(4.14564323342335)
(6.161213694941735)
(3.6229732236204946)
(0.7687218937239847)
(1.5506537324814802)
(3.0000788270153573)
(1.5541915508800126)
(1.1122209500737845)
(4.684082271487583)
(1.859469437593324)
(4.571033903291243)
(3.5332048515368086)
(0.1395468274032863)
(5.50681027061512)
(3.0534769066508343)
(4.317950675417474)
(0.5261043789148574)
(4.053260233732859)
(0.34579518278641624)
(6.135928264927407)
(3.2055063022734793)
(5.630753305141933)
(5.195368990959862)
(1.0521410193707414)
(1.7887523148439004)
(1.228352820292959)
(1.613396134227369)
(6.052779178156315)
(0.48228606718331546)
(5.792686801818008)
(1.5906237403900032)
(3.9313937408350887)
(5.991272678757518)
(4.3983489435419525)
(1.3842868638452694)
(2.928974351296612)
(4.414791996183838)
(2.1255441417396574)
(3.1716989455478064)
(3.9874080471039597)
(0.9844876577158275)
(1.4342150726190912)
(2.6820538182577316)
(2.1034030835480104)
(2.1153427275902117)
(5.413572642405517)
(5.322845835238449)
(2.1918703002485005)
(4.387791371772252)
(0.5431593277897433)
(4.017513885355376)
(4.516848202494674)
(1.9983253156168361)
(5.212573712329354)
(6.242238747395969)
(4.200874163386481)
(5.240972157619723)
(2.6136345315738927)
(3.2981656403424546)
(5.977936673189782)
(3.2169885035944628)
(5.234126273543762)
(0.4365858763038627)
(6.138379864699756)
(3.293071609598261)
(5.746509612310381)
(1.8833847458046749)
(2.102146547484895)
(5.858144478360423)
(5.128373811896831)
(4.491371728952126)
(5.9551997860471335)
(2.8898705496322292)
(0.6295975497334273)
(0.9458640708987321)
(3.0065251961164043)
(2.487500087035935)
(0.1709899002743396)
(1.6111428627769926)
(1.0419168257313587)
(3.436017479906008)
(0.12299046675725572)
(4.814104527515735)
(2.0858088174263094)
(4.972639473637601)
(4.210572390774059)
(3.67079468581715)
(1.1357200099612572)
(5.409364319497445)
(2.2746125890158346)
(2.0840186133102967)
(1.7864203736223783)
(0.6863239492662886)
(1.2652336090401977)
(5.460692263419371)
(2.996680947317726)
(5.643644499661698)
(4.07809515495099)
(0.0358666961470484)
(5.566865296152359)
(5.917858962417814)
(1.7762455080974688)
(6.251799254342912)
(2.5683911131115975)
(6.198910221244274)
(3.7961595944634516)
(5.597035171079594)
(0.6390426087726907)
(1.9728353064777935)
(3.1509377950209947)
(4.399497130063218)
(3.783542516251167)
(4.457527295898647)
(3.9915727930083853)
(3.954590060601967)
(1.1969756609096671)
(1.0444958700063929)
(5.411673445804327)
(4.3119105356461205)
(5.511667592606188)
(5.904169382560339)
(2.2637244975421646)
(4.042485820969053)
(5.935734559545098)
(5.633620722461978)
(2.8917066987406863)
(5.68703778096363)
(2.6479959338122536)
(6.213323204418416)
(1.8439711236204337)
(5.092823399683178)
(4.796122916475288)
(4.096850971488766)
(4.430217738409153)
(5.486980454511571)
(5.733070416424279)
(5.990327594983796)
(2.143538814192287)
(1.6856184734758446)
(4.570321484869112)
(3.837687729002405)
(6.175373332431565)
(3.382045656315259)
(0.9988417492554554)
(2.3605941227219485)
(2.0564227343733354)
(0.32773450781998387)
(3.70887889097868)
(2.859620261032965)
(3.8007339803228395)
(1.7918747005299203)
(4.362920225897346)
(5.293892896141719)
(0.42545490584984075)
(1.4539946559506576)
(5.647904548649081)
(4.925675724452354)
(5.4280868935022255)
(1.2111360382929912)
(4.549927930320166)
(2.5153994978470777)
(5.903202421802351)
(1.0346615302691464)
(1.8590878192938431)
(5.566126931029921)
(5.6286992197140755)
(4.196121404240611)
(4.258282252861003)
(0.11315374137766611)
(3.962080685788618)
(5.36183806954898)
(5.464836689867738)
(1.551600464316346)
(2.905194527527816)
(2.1169249682516766)
(0.6806055852481904)
(6.0281110217284155)
(6.1574428663925325)
(5.798101874232655)
(1.846353502308815)
(1.8881236041341356)
(4.30372581754164)
(3.046175895126648)
(1.2822415691205418)
(2.0944895270852566)
(2.9405995164896677)
(2.0926297049753586)
(2.7173332266098438)
(3.722486799791254)
(3.6183201980305766)
(4.3694178456124995)
(5.873790527347739)
(0.6371065203039824)
(3.950147264961348)
(5.61099630632837)
(3.1345257348988405)
(3.5040743224224853)
(1.447721941732064)
(3.1407314433747167)
(5.697749092735022)
(3.2935840749171312)
(0.4048579049786049)
(5.43117117568653)
(5.233663543075533)
(6.045422245341191)
(2.6865665263915366)
(4.055210740645203)
(4.94071781422128)
(1.269829897630601)
(2.220319035591492)
(4.242046907843172)
(3.823674061787572)
(1.6775198655698595)
(3.7173319066339245)
(0.006402882683745652)
(4.881376498717593)
(3.5093869049485926)
(2.136390011184575)
(0.33162549855448853)
(3.6216463306587383)
(2.407249130259632)
(4.536022061180628)
(1.7597467797900732)
(5.220638348785124)
(3.629665026955426)
(5.9770763561746225)
(5.676017513850568)
(3.706129481565359)
(1.764819683559037)
(3.4459574221163805)
(5.759005563953647)
(3.9707530198111876)
(4.496046140373138)
(2.4874696468629627)
(3.009585235333828)
(5.692434258426746)
(3.6018506690415895)
(1.6331923344642463)
(4.4464889367901)
(1.6183007040105586)
(3.8347054811467425)
(0.0801239972889265)
(4.935842170948937)
(1.9786915045549716)
(4.461101717981655)
(6.17297277209155)
(3.2518347110987302)
(4.047372321278078)
(4.563105951235625)
(3.961643493814176)
(5.343603232688786)
(4.4658481680522835)
(3.6075085886786655)
(1.293597376799096)
(4.069320650302227)
(0.9877402031056893)
(2.7675703461835774)
(5.6921384071631955)
(5.495830934461429)
(0.42193293022648154)
(1.4017231626484046)
(0.40494323036355534)
(0.6348492509020258)
(6.2406068603226)
(3.138552098689482)
(3.557174358180828)
(4.314791748453245)
(4.780510832662244)
(6.250516187394652)
(2.559902669223796)
(0.8130638610044426)
(4.808896030781215)
(3.36237581940198)
(5.821355515345032)
(1.1954818520785409)
(6.177260089269664)
(3.397195685042144)
(6.06675291822477)
(3.5162028283038116)
(3.601868327078396)
(3.6646809633117865)
(3.649933393466467)
(5.690773333609503)
(3.4643999840785913)
(5.745983266487639)
(2.2545132170143267)
(4.199295760079262)
(4.0416623377959064)
(4.1554305884230915)
(5.069301504177114)
(0.8038231282382512)
(1.6088276245390258)
(0.4966224150258102)
(1.5027701662049318)
(3.5203842227659083)
(1.3668895533362029)
(5.1981728635119975)
(3.6988538439015133)
(2.375358815353773)
(0.9345911516975277)
(4.787718038009023)
(5.025889551504603)
(3.835221670498097)
(2.801902005769942)
(4.092475834584908)
(0.3451321169402765)
(4.776612165899836)
(5.028813591752365)
(5.455133938371388)
(4.839394832978772)
(3.901067176103302)
(0.07383131907457978)
(1.209185064782398)
(0.6778799150440652)
(1.7070825313331794)
(0.3060334591091321)
(0.3971961867144754)
(5.27172119053553)
(2.6342963027328077)
(4.293879752094948)
(2.4606885657965605)
(3.5392740865076924)
(0.42715629419612894)
(0.049172156470307975)
(5.731822290631956)
(0.004100547955456223)
(4.039639789612853)
(5.096313930181808)
(4.307460920742082)
(1.2573767607783424)
(0.5667136682098596)
(4.730138926533668)
(2.761491188939025)
(6.017426034101731)
(3.8510241705967165)
(1.175569956067321)
(0.39825220038507425)
(4.749061093095662)
(2.7514062089689215)
(2.1866605158629646)
(0.8311074282353422)
(3.6092844646345768)
(4.499847750710259)
(0.4669892449871379)
(6.2328618496019175)
(6.270680463437481)
(0.2388532476609073)
(4.625456610672945)
(2.0438253245172486)
(1.771452162192357)
(4.500870535403293)
(5.305981537871598)
(5.69289155263144)
(3.8303280726312794)
(5.881281384071755)
(4.378810917312796)
(1.5496621639428005)
(5.966476600178589)
(1.4515958368469137)
(1.4037170803815755)
(3.419237764654698)
(4.643474227141519)
(0.7966955613557153)
(3.836922251624035)
(5.989353186781798)
(5.241863866560353)
(6.207221911926961)
(1.1579585196936257)
(3.5626984145194345)
(2.957200693244191)
(0.20520540341737914)
(5.957579866290065)
(1.704958470756506)
(6.065156645059958)
(1.214756476350446)
(5.798451765254482)
(4.454728360667068)
(4.838689822571169)
(3.3310853811742254)
(4.341660508971875)
(2.9448749591349266)
(0.5073811091305084)
(5.684147729283241)
(4.611078134362908)
(0.42452877254893184)
(0.03388180687369482)
(1.6681996646715715)
(4.305716415053318)
(3.535266838560762)
(0.4321140496677336)
(5.097767299236715)
(3.856104447451851)
(5.6789371702671945)
(2.324627815361363)
(0.8432850088857335)
(3.8680763310955903)
(3.4160108281755495)
(5.956508353108833)
(2.831639982265017)
(1.7485852948591478)
(1.9291364561312927)
(4.981107862195851)
(0.2867835107406362)
(5.12277176100806)
(6.034771137778239)
(3.1008596807351334)
(1.2320752431535955)
(3.292367814202001)
(5.4587173786966385)
(3.53283898809847)
(5.991638668643977)
(3.9920745617229674)
(5.110183523040525)
(2.178022711725298)
(4.845561958824099)
(3.091330100675517)
(0.42040275531066507)
(2.8484738229464788)
(5.451114599426614)
(3.9122244155203294)
(1.2310704998295625)
(0.2803698747438219)
(5.61492362486607)
(0.9908984636991374)
(3.815695303202682)
(2.8445725073596795)
(0.9547340385806881)
(5.410895429370359)
(2.254600883870309)
(4.5305953261704195)
(2.7246207845377244)
(2.9563185086529984)
(1.156575998920824)
(1.829239311867437)
(4.820178679658683)
(5.867560197786106)
(1.3806541088909579)
(6.183263526793955)
(6.266645598266851)
(4.970848092708057)
(0.8305190502802572)
(2.4792650410607613)
(2.808062416969257)
(3.118960985088765)
(4.571260899215722)
(1.5124449147196086)
(1.981476720663642)
(1.2710576093702664)
(6.055178662495947)
(3.0356062729417044)
(2.823639527950397)
(3.6008555918702307)
(0.2357458519454427)
(3.9264361584397727)
(4.711548874862906)
(3.2564478558281387)
(5.660428685046079)
(0.5967892835542743)
(2.1241271874451355)
(1.3716240006457956)
(1.2317206017932951)
(0.5363653347591433)
(5.651694643480439)
(3.6945538353705776)
(4.983511084555579)
(5.9182309958105614)
(0.33158519883918275)
(4.463715406451569)
(3.2600765647327616)
(1.0937716583486374)
(4.327691787543192)
(2.122243713157063)
(4.594647631012576)
(3.0715535890740595)
(3.1468415944576504)
(2.282166533235929)
(1.7881665472504087)
(3.1330352301798134)
(4.758911415101224)
(1.1011968382418191)
(3.568381456674296)
(0.7727015945578036)
(3.0522601373992053)
(3.412990280571447)
(4.772969804556193)
(5.497473794041933)
(1.2008095198899065)
(0.27184934414814504)
(1.725960998400211)
(4.792155752702891)
(1.79094705257228)
(3.730382936923691)
(4.46150133930914)
(4.357883212345195)
(2.1548936026822125)
(4.187327362945199)
(0.5486391013114305)
(0.38082605997726876)
(1.977244315633986)
(0.20740006600528296)
(0.7751038260380301)
(3.615008091781216)
(2.7948603610351586)
(5.07705197856987)
    );

    waveDirs
    1000
    (
(0.0)
(0.0)
(0.0)
(0.0)
(0.0)
(0.0)
(0.0)
(0.0)
(0.0)
(0.0)
(0.0)
(0.0)
(0.0)
(0.0)
(0.0)
(0.0)
(0.0)
(0.0)
(0.0)
(0.0)
(0.0)
(0.0)
(0.0)
(0.0)
(0.0)
(0.0)
(0.0)
(0.0)
(0.0)
(0.0)
(0.0)
(0.0)
(0.0)
(0.0)
(0.0)
(0.0)
(0.0)
(0.0)
(0.0)
(0.0)
(0.0)
(0.0)
(0.0)
(0.0)
(0.0)
(0.0)
(0.0)
(0.0)
(0.0)
(0.0)
(0.0)
(0.0)
(0.0)
(0.0)
(0.0)
(0.0)
(0.0)
(0.0)
(0.0)
(0.0)
(0.0)
(0.0)
(0.0)
(0.0)
(0.0)
(0.0)
(0.0)
(0.0)
(0.0)
(0.0)
(0.0)
(0.0)
(0.0)
(0.0)
(0.0)
(0.0)
(0.0)
(0.0)
(0.0)
(0.0)
(0.0)
(0.0)
(0.0)
(0.0)
(0.0)
(0.0)
(0.0)
(0.0)
(0.0)
(0.0)
(0.0)
(0.0)
(0.0)
(0.0)
(0.0)
(0.0)
(0.0)
(0.0)
(0.0)
(0.0)
(0.0)
(0.0)
(0.0)
(0.0)
(0.0)
(0.0)
(0.0)
(0.0)
(0.0)
(0.0)
(0.0)
(0.0)
(0.0)
(0.0)
(0.0)
(0.0)
(0.0)
(0.0)
(0.0)
(0.0)
(0.0)
(0.0)
(0.0)
(0.0)
(0.0)
(0.0)
(0.0)
(0.0)
(0.0)
(0.0)
(0.0)
(0.0)
(0.0)
(0.0)
(0.0)
(0.0)
(0.0)
(0.0)
(0.0)
(0.0)
(0.0)
(0.0)
(0.0)
(0.0)
(0.0)
(0.0)
(0.0)
(0.0)
(0.0)
(0.0)
(0.0)
(0.0)
(0.0)
(0.0)
(0.0)
(0.0)
(0.0)
(0.0)
(0.0)
(0.0)
(0.0)
(0.0)
(0.0)
(0.0)
(0.0)
(0.0)
(0.0)
(0.0)
(0.0)
(0.0)
(0.0)
(0.0)
(0.0)
(0.0)
(0.0)
(0.0)
(0.0)
(0.0)
(0.0)
(0.0)
(0.0)
(0.0)
(0.0)
(0.0)
(0.0)
(0.0)
(0.0)
(0.0)
(0.0)
(0.0)
(0.0)
(0.0)
(0.0)
(0.0)
(0.0)
(0.0)
(0.0)
(0.0)
(0.0)
(0.0)
(0.0)
(0.0)
(0.0)
(0.0)
(0.0)
(0.0)
(0.0)
(0.0)
(0.0)
(0.0)
(0.0)
(0.0)
(0.0)
(0.0)
(0.0)
(0.0)
(0.0)
(0.0)
(0.0)
(0.0)
(0.0)
(0.0)
(0.0)
(0.0)
(0.0)
(0.0)
(0.0)
(0.0)
(0.0)
(0.0)
(0.0)
(0.0)
(0.0)
(0.0)
(0.0)
(0.0)
(0.0)
(0.0)
(0.0)
(0.0)
(0.0)
(0.0)
(0.0)
(0.0)
(0.0)
(0.0)
(0.0)
(0.0)
(0.0)
(0.0)
(0.0)
(0.0)
(0.0)
(0.0)
(0.0)
(0.0)
(0.0)
(0.0)
(0.0)
(0.0)
(0.0)
(0.0)
(0.0)
(0.0)
(0.0)
(0.0)
(0.0)
(0.0)
(0.0)
(0.0)
(0.0)
(0.0)
(0.0)
(0.0)
(0.0)
(0.0)
(0.0)
(0.0)
(0.0)
(0.0)
(0.0)
(0.0)
(0.0)
(0.0)
(0.0)
(0.0)
(0.0)
(0.0)
(0.0)
(0.0)
(0.0)
(0.0)
(0.0)
(0.0)
(0.0)
(0.0)
(0.0)
(0.0)
(0.0)
(0.0)
(0.0)
(0.0)
(0.0)
(0.0)
(0.0)
(0.0)
(0.0)
(0.0)
(0.0)
(0.0)
(0.0)
(0.0)
(0.0)
(0.0)
(0.0)
(0.0)
(0.0)
(0.0)
(0.0)
(0.0)
(0.0)
(0.0)
(0.0)
(0.0)
(0.0)
(0.0)
(0.0)
(0.0)
(0.0)
(0.0)
(0.0)
(0.0)
(0.0)
(0.0)
(0.0)
(0.0)
(0.0)
(0.0)
(0.0)
(0.0)
(0.0)
(0.0)
(0.0)
(0.0)
(0.0)
(0.0)
(0.0)
(0.0)
(0.0)
(0.0)
(0.0)
(0.0)
(0.0)
(0.0)
(0.0)
(0.0)
(0.0)
(0.0)
(0.0)
(0.0)
(0.0)
(0.0)
(0.0)
(0.0)
(0.0)
(0.0)
(0.0)
(0.0)
(0.0)
(0.0)
(0.0)
(0.0)
(0.0)
(0.0)
(0.0)
(0.0)
(0.0)
(0.0)
(0.0)
(0.0)
(0.0)
(0.0)
(0.0)
(0.0)
(0.0)
(0.0)
(0.0)
(0.0)
(0.0)
(0.0)
(0.0)
(0.0)
(0.0)
(0.0)
(0.0)
(0.0)
(0.0)
(0.0)
(0.0)
(0.0)
(0.0)
(0.0)
(0.0)
(0.0)
(0.0)
(0.0)
(0.0)
(0.0)
(0.0)
(0.0)
(0.0)
(0.0)
(0.0)
(0.0)
(0.0)
(0.0)
(0.0)
(0.0)
(0.0)
(0.0)
(0.0)
(0.0)
(0.0)
(0.0)
(0.0)
(0.0)
(0.0)
(0.0)
(0.0)
(0.0)
(0.0)
(0.0)
(0.0)
(0.0)
(0.0)
(0.0)
(0.0)
(0.0)
(0.0)
(0.0)
(0.0)
(0.0)
(0.0)
(0.0)
(0.0)
(0.0)
(0.0)
(0.0)
(0.0)
(0.0)
(0.0)
(0.0)
(0.0)
(0.0)
(0.0)
(0.0)
(0.0)
(0.0)
(0.0)
(0.0)
(0.0)
(0.0)
(0.0)
(0.0)
(0.0)
(0.0)
(0.0)
(0.0)
(0.0)
(0.0)
(0.0)
(0.0)
(0.0)
(0.0)
(0.0)
(0.0)
(0.0)
(0.0)
(0.0)
(0.0)
(0.0)
(0.0)
(0.0)
(0.0)
(0.0)
(0.0)
(0.0)
(0.0)
(0.0)
(0.0)
(0.0)
(0.0)
(0.0)
(0.0)
(0.0)
(0.0)
(0.0)
(0.0)
(0.0)
(0.0)
(0.0)
(0.0)
(0.0)
(0.0)
(0.0)
(0.0)
(0.0)
(0.0)
(0.0)
(0.0)
(0.0)
(0.0)
(0.0)
(0.0)
(0.0)
(0.0)
(0.0)
(0.0)
(0.0)
(0.0)
(0.0)
(0.0)
(0.0)
(0.0)
(0.0)
(0.0)
(0.0)
(0.0)
(0.0)
(0.0)
(0.0)
(0.0)
(0.0)
(0.0)
(0.0)
(0.0)
(0.0)
(0.0)
(0.0)
(0.0)
(0.0)
(0.0)
(0.0)
(0.0)
(0.0)
(0.0)
(0.0)
(0.0)
(0.0)
(0.0)
(0.0)
(0.0)
(0.0)
(0.0)
(0.0)
(0.0)
(0.0)
(0.0)
(0.0)
(0.0)
(0.0)
(0.0)
(0.0)
(0.0)
(0.0)
(0.0)
(0.0)
(0.0)
(0.0)
(0.0)
(0.0)
(0.0)
(0.0)
(0.0)
(0.0)
(0.0)
(0.0)
(0.0)
(0.0)
(0.0)
(0.0)
(0.0)
(0.0)
(0.0)
(0.0)
(0.0)
(0.0)
(0.0)
(0.0)
(0.0)
(0.0)
(0.0)
(0.0)
(0.0)
(0.0)
(0.0)
(0.0)
(0.0)
(0.0)
(0.0)
(0.0)
(0.0)
(0.0)
(0.0)
(0.0)
(0.0)
(0.0)
(0.0)
(0.0)
(0.0)
(0.0)
(0.0)
(0.0)
(0.0)
(0.0)
(0.0)
(0.0)
(0.0)
(0.0)
(0.0)
(0.0)
(0.0)
(0.0)
(0.0)
(0.0)
(0.0)
(0.0)
(0.0)
(0.0)
(0.0)
(0.0)
(0.0)
(0.0)
(0.0)
(0.0)
(0.0)
(0.0)
(0.0)
(0.0)
(0.0)
(0.0)
(0.0)
(0.0)
(0.0)
(0.0)
(0.0)
(0.0)
(0.0)
(0.0)
(0.0)
(0.0)
(0.0)
(0.0)
(0.0)
(0.0)
(0.0)
(0.0)
(0.0)
(0.0)
(0.0)
(0.0)
(0.0)
(0.0)
(0.0)
(0.0)
(0.0)
(0.0)
(0.0)
(0.0)
(0.0)
(0.0)
(0.0)
(0.0)
(0.0)
(0.0)
(0.0)
(0.0)
(0.0)
(0.0)
(0.0)
(0.0)
(0.0)
(0.0)
(0.0)
(0.0)
(0.0)
(0.0)
(0.0)
(0.0)
(0.0)
(0.0)
(0.0)
(0.0)
(0.0)
(0.0)
(0.0)
(0.0)
(0.0)
(0.0)
(0.0)
(0.0)
(0.0)
(0.0)
(0.0)
(0.0)
(0.0)
(0.0)
(0.0)
(0.0)
(0.0)
(0.0)
(0.0)
(0.0)
(0.0)
(0.0)
(0.0)
(0.0)
(0.0)
(0.0)
(0.0)
(0.0)
(0.0)
(0.0)
(0.0)
(0.0)
(0.0)
(0.0)
(0.0)
(0.0)
(0.0)
(0.0)
(0.0)
(0.0)
(0.0)
(0.0)
(0.0)
(0.0)
(0.0)
(0.0)
(0.0)
(0.0)
(0.0)
(0.0)
(0.0)
(0.0)
(0.0)
(0.0)
(0.0)
(0.0)
(0.0)
(0.0)
(0.0)
(0.0)
(0.0)
(0.0)
(0.0)
(0.0)
(0.0)
(0.0)
(0.0)
(0.0)
(0.0)
(0.0)
(0.0)
(0.0)
(0.0)
(0.0)
(0.0)
(0.0)
(0.0)
(0.0)
(0.0)
(0.0)
(0.0)
(0.0)
(0.0)
(0.0)
(0.0)
(0.0)
(0.0)
(0.0)
(0.0)
(0.0)
(0.0)
(0.0)
(0.0)
(0.0)
(0.0)
(0.0)
(0.0)
(0.0)
(0.0)
(0.0)
(0.0)
(0.0)
(0.0)
(0.0)
(0.0)
(0.0)
(0.0)
(0.0)
(0.0)
(0.0)
(0.0)
(0.0)
(0.0)
(0.0)
(0.0)
(0.0)
(0.0)
(0.0)
(0.0)
(0.0)
(0.0)
(0.0)
(0.0)
(0.0)
(0.0)
(0.0)
(0.0)
(0.0)
(0.0)
(0.0)
(0.0)
(0.0)
(0.0)
(0.0)
(0.0)
(0.0)
(0.0)
(0.0)
(0.0)
(0.0)
(0.0)
(0.0)
(0.0)
(0.0)
(0.0)
(0.0)
(0.0)
(0.0)
(0.0)
(0.0)
(0.0)
(0.0)
(0.0)
(0.0)
(0.0)
(0.0)
(0.0)
(0.0)
(0.0)
(0.0)
(0.0)
(0.0)
(0.0)
(0.0)
(0.0)
(0.0)
(0.0)
(0.0)
(0.0)
(0.0)
(0.0)
(0.0)
(0.0)
(0.0)
(0.0)
(0.0)
(0.0)
(0.0)
(0.0)
(0.0)
(0.0)
(0.0)
(0.0)
(0.0)
(0.0)
(0.0)
(0.0)
(0.0)
(0.0)
(0.0)
(0.0)
(0.0)
(0.0)
(0.0)
(0.0)
(0.0)
(0.0)
(0.0)
(0.0)
(0.0)
(0.0)
(0.0)
(0.0)
(0.0)
(0.0)
(0.0)
(0.0)
(0.0)
(0.0)
(0.0)
(0.0)
(0.0)
(0.0)
(0.0)
(0.0)
(0.0)
(0.0)
(0.0)
(0.0)
(0.0)
(0.0)
(0.0)
(0.0)
(0.0)
(0.0)
(0.0)
(0.0)
(0.0)
(0.0)
(0.0)
(0.0)
(0.0)
(0.0)
(0.0)
(0.0)
(0.0)
(0.0)
(0.0)
(0.0)
(0.0)
(0.0)
(0.0)
(0.0)
(0.0)
(0.0)
(0.0)
(0.0)
(0.0)
(0.0)
(0.0)
(0.0)
(0.0)
(0.0)
(0.0)
(0.0)
(0.0)
(0.0)
(0.0)
(0.0)
(0.0)
(0.0)
(0.0)
(0.0)
(0.0)
(0.0)
(0.0)
(0.0)
(0.0)
(0.0)
(0.0)
(0.0)
(0.0)
(0.0)
(0.0)
(0.0)
(0.0)
(0.0)
(0.0)
(0.0)
(0.0)
(0.0)
(0.0)
(0.0)
(0.0)
(0.0)
(0.0)
(0.0)
(0.0)
(0.0)
(0.0)
(0.0)
(0.0)
(0.0)
(0.0)
(0.0)
(0.0)
(0.0)
(0.0)
(0.0)
(0.0)
(0.0)
(0.0)
(0.0)
(0.0)
(0.0)
(0.0)
(0.0)
    );

}

outlet
{

    alpha            alpha.water;

    waveModel        shallowWaterAbsorption;

    nPaddle          1;
}
