0 	0.9999571
0.006666667 	0.9999583
0.01333333 	0.9999596
0.02 	0.9999609
0.02666667 	0.9999621
0.03333333 	0.9999634
0.04 	0.9999658
0.04666667 	0.9999681
0.05333333 	0.9999705
0.06 	0.9999728
0.06666667 	0.9999752
0.07333333 	0.9999755
0.08 	0.9999758
0.08666667 	0.9999761
0.09333333 	0.9999764
0.1 	0.9999767
0.1066667 	0.9999733
0.1133333 	0.99997
0.12 	0.9999666
0.1266667 	0.9999632
0.1333333 	0.9999599
0.14 	0.999955
0.1466667 	0.9999502
0.1533333 	0.9999453
0.16 	0.9999404
0.1666667 	0.9999356
0.1733333 	0.9999309
0.18 	0.9999261
0.1866667 	0.9999214
0.1933333 	0.9999167
0.2 	0.999912
0.2066667 	0.999907
0.2133333 	0.999902
0.22 	0.999897
0.2266667 	0.999892
0.2333333 	0.9998869
0.24 	0.9998868
0.2466667 	0.9998867
0.2533333 	0.9998866
0.26 	0.9998865
0.2666667 	0.9998863
0.2733333 	0.9998955
0.28 	0.9999046
0.2866667 	0.9999138
0.2933333 	0.9999229
0.3 	0.9999321
0.3066667 	0.9999417
0.3133333 	0.9999514
0.32 	0.9999611
0.3266667 	0.9999708
0.3333333 	0.9999805
0.34 	0.9999833
0.3466667 	0.9999862
0.3533333 	0.9999891
0.36 	0.999992
0.3666667 	0.9999949
0.3733333 	0.9999935
0.38 	0.999992
0.3866667 	0.9999906
0.3933333 	0.9999892
0.4 	0.9999877
0.4066667 	0.99998
0.4133333 	0.9999723
0.42 	0.9999645
0.4266667 	0.9999568
0.4333333 	0.999949
0.44 	0.9999429
0.4466667 	0.9999367
0.4533333 	0.9999305
0.46 	0.9999243
0.4666667 	0.9999181
0.4733333 	0.9999238
0.48 	0.9999295
0.4866667 	0.9999353
0.4933333 	0.999941
0.5 	0.9999467
0.5066667 	0.9999543
0.5133333 	0.9999619
0.52 	0.9999695
0.5266667 	0.9999771
0.5333333 	0.9999848
0.54 	0.9999871
0.5466667 	0.9999895
0.5533333 	0.9999918
0.56 	0.9999942
0.5666667 	0.9999966
0.5733333 	0.9999965
0.58 	0.9999963
0.5866667 	0.9999962
0.5933333 	0.9999961
0.6 	0.999996
0.6066667 	0.9999925
0.6133333 	0.999989
0.62 	0.9999855
0.6266667 	0.9999821
0.6333333 	0.9999786
0.64 	0.9999743
0.6466667 	0.99997
0.6533333 	0.9999657
0.66 	0.9999614
0.6666667 	0.9999571
0.6733333 	0.9999581
0.68 	0.9999591
0.6866667 	0.9999601
0.6933333 	0.9999611
0.7 	0.9999621
0.7066667 	0.9999662
0.7133333 	0.9999704
0.72 	0.9999746
0.7266667 	0.9999788
0.7333333 	0.999983
0.74 	0.9999839
0.7466667 	0.9999848
0.7533333 	0.9999857
0.76 	0.9999866
0.7666667 	0.9999875
0.7733333 	0.9999763
0.78 	0.9999652
0.7866667 	0.999954
0.7933333 	0.9999428
0.8 	0.9999317
0.8066667 	0.9998237
0.8133333 	0.9997157
0.82 	0.9996077
0.8266667 	0.9994998
0.8333333 	0.9993918
0.84 	0.9979789
0.8466667 	0.996566
0.8533333 	0.995153
0.86 	0.9937401
0.8666667 	0.9923272
0.8733333 	0.9661379
0.88 	0.9399485
0.8866667 	0.9137592
0.8933333 	0.8875698
0.9 	0.8613805
0.9066667 	0.7791779
0.9133333 	0.6969754
0.92 	0.6147728
0.9266667 	0.5325703
0.9333333 	0.4503677
0.94 	0.377442
0.9466667 	0.3045163
0.9533333 	0.2315906
0.96 	0.1586648
0.9666667 	0.08573913
0.9733333 	0.06937244
0.98 	0.05300575
0.9866667 	0.03663906
0.9933333 	0.02027237
1 	0.003905684
1.006667 	0.003130502
1.013333 	0.002355321
1.02 	0.001580139
1.026667 	0.0008049575
1.033333 	2.977599e-05
1.04 	2.382589e-05
1.046667 	1.78758e-05
1.053333 	1.192571e-05
1.06 	5.975614e-06
1.066667 	2.552118e-08
1.073333 	2.041702e-08
1.08 	1.531315e-08
1.086667 	1.020929e-08
1.093333 	5.105424e-09
1.1 	1.558421e-12
1.106667 	1.247519e-12
1.113333 	9.366166e-13
1.12 	6.257145e-13
1.126667 	3.148124e-13
1.133333 	3.910395e-15
1.14 	3.142443e-15
1.146667 	2.37449e-15
1.153333 	1.606538e-15
1.16 	8.38586e-16
1.166667 	7.063382e-17
1.173333 	5.667392e-17
1.18 	4.271407e-17
1.186667 	2.875422e-17
1.193333 	1.479436e-17
1.2 	8.345068e-19
1.206667 	6.966732e-19
1.213333 	5.588395e-19
1.22 	4.210058e-19
1.226667 	2.831722e-19
1.233333 	1.453385e-19
1.24 	1.23705e-19
1.246667 	1.020714e-19
1.253333 	8.04379e-20
1.26 	5.880435e-20
1.266667 	3.71708e-20
1.273333 	3.081153e-20
1.28 	2.445225e-20
1.286667 	1.809297e-20
1.293333 	1.173369e-20
1.3 	5.374417e-21
1.306667 	4.352156e-21
1.313333 	3.329894e-21
1.32 	2.307633e-21
1.326667 	1.285371e-21
1.333333 	2.631101e-22
1.34 	2.110456e-22
1.346667 	1.589812e-22
1.353333 	1.069167e-22
1.36 	5.485228e-23
1.366667 	2.787829e-24
1.373333 	2.231168e-24
1.38 	1.674509e-24
1.386667 	1.11785e-24
1.393333 	5.611906e-25
1.4 	4.531602e-27
1.406667 	3.625451e-27
1.413333 	2.719301e-27
1.42 	1.81315e-27
1.426667 	9.069996e-28
1.433333 	8.491116e-31
1.44 	6.79297e-31
1.446667 	5.094824e-31
1.453333 	3.396677e-31
1.46 	1.698531e-31
1.466667 	3.852097e-35
1.473333 	3.081029e-35
1.48 	2.31081e-35
1.486667 	1.540591e-35
1.493333 	7.70372e-36
1.5 	1.52924e-39
1.506667 	1.223403e-39
1.513333 	9.17566e-40
1.52 	6.11729e-40
1.526667 	3.058921e-40
1.533333 	5.513075e-44
1.54 	4.410497e-44
1.546667 	3.30792e-44
1.553333 	2.205342e-44
1.56 	1.102764e-44
1.566667 	1.869246e-48
1.573333 	1.494968e-48
1.58 	1.121242e-48
1.586667 	7.475151e-49
1.593333 	3.737884e-49
1.6 	6.177749e-53
1.606667 	4.94224e-53
1.613333 	3.706731e-53
1.62 	2.471222e-53
1.626667 	1.235713e-53
1.633333 	2.0405e-57
1.64 	1.632414e-57
1.646667 	1.224327e-57
1.653333 	8.162401e-58
1.66 	4.081533e-58
1.666667 	6.658983e-62
1.673333 	5.325596e-62
1.68 	3.994249e-62
1.686667 	2.662903e-62
1.693333 	1.331556e-62
1.7 	2.094761e-66
1.706667 	1.675822e-66
1.713333 	1.256882e-66
1.72 	8.379419e-67
1.726667 	4.19002e-67
1.733333 	6.219933e-71
1.74 	4.975981e-71
1.746667 	3.732029e-71
1.753333 	2.488077e-71
1.76 	1.244125e-71
1.766667 	1.727456e-75
1.773333 	1.381476e-75
1.78 	1.036118e-75
1.786667 	6.907605e-76
1.793333 	3.454027e-76
1.8 	4.483934e-80
1.806667 	3.587169e-80
1.813333 	2.690404e-80
1.82 	1.793639e-80
1.826667 	8.968734e-81
1.833333 	1.083791e-84
1.84 	8.670378e-85
1.846667 	6.502845e-85
1.853333 	4.335312e-85
1.86 	2.167779e-85
1.866667 	2.458704e-89
1.873333 	1.966107e-89
1.88 	1.474593e-89
1.886667 	9.830799e-90
1.893333 	4.915664e-90
1.9 	5.288899e-94
1.906667 	4.231141e-94
1.913333 	3.173383e-94
1.92 	2.115625e-94
1.926667 	1.057866e-94
1.933333 	1.084179e-98
1.94 	8.673477e-99
1.946667 	6.505161e-99
1.953333 	4.336846e-99
1.96 	2.16853e-99
1.966667 	2.148183e-103
1.973333 	1.717679e-103
1.98 	1.288259e-103
1.986667 	8.588394e-104
1.993333 	4.294197e-104
2 	5.005892e-116
