0 	0.9999584
0.006666667 	0.9999606
0.01333333 	0.9999628
0.02 	0.9999649
0.02666667 	0.9999671
0.03333333 	0.9999693
0.04 	0.9999718
0.04666667 	0.9999743
0.05333333 	0.9999768
0.06 	0.9999793
0.06666667 	0.9999818
0.07333333 	0.9999797
0.08 	0.9999775
0.08666667 	0.9999754
0.09333333 	0.9999732
0.1 	0.9999711
0.1066667 	0.9999646
0.1133333 	0.9999581
0.12 	0.9999516
0.1266667 	0.9999452
0.1333333 	0.9999387
0.14 	0.9999336
0.1466667 	0.9999286
0.1533333 	0.9999235
0.16 	0.9999185
0.1666667 	0.9999134
0.1733333 	0.999912
0.18 	0.9999106
0.1866667 	0.9999091
0.1933333 	0.9999077
0.2 	0.9999063
0.2066667 	0.9999035
0.2133333 	0.9999006
0.22 	0.9998977
0.2266667 	0.9998949
0.2333333 	0.999892
0.24 	0.9998912
0.2466667 	0.9998904
0.2533333 	0.9998896
0.26 	0.9998887
0.2666667 	0.9998879
0.2733333 	0.9998959
0.28 	0.999904
0.2866667 	0.999912
0.2933333 	0.99992
0.3 	0.999928
0.3066667 	0.9999377
0.3133333 	0.9999473
0.32 	0.9999569
0.3266667 	0.9999665
0.3333333 	0.9999762
0.34 	0.9999797
0.3466667 	0.9999832
0.3533333 	0.9999867
0.36 	0.9999903
0.3666667 	0.9999938
0.3733333 	0.9999931
0.38 	0.9999925
0.3866667 	0.9999918
0.3933333 	0.9999911
0.4 	0.9999905
0.4066667 	0.9999845
0.4133333 	0.9999786
0.42 	0.9999727
0.4266667 	0.9999667
0.4333333 	0.9999608
0.44 	0.9999579
0.4466667 	0.999955
0.4533333 	0.9999521
0.46 	0.9999492
0.4666667 	0.9999463
0.4733333 	0.9999512
0.48 	0.9999562
0.4866667 	0.9999611
0.4933333 	0.9999661
0.5 	0.999971
0.5066667 	0.9999748
0.5133333 	0.9999785
0.52 	0.9999823
0.5266667 	0.9999861
0.5333333 	0.9999899
0.54 	0.9999914
0.5466667 	0.999993
0.5533333 	0.9999946
0.56 	0.9999961
0.5666667 	0.9999977
0.5733333 	0.9999977
0.58 	0.9999976
0.5866667 	0.9999976
0.5933333 	0.9999975
0.6 	0.9999975
0.6066667 	0.9999945
0.6133333 	0.9999915
0.62 	0.9999885
0.6266667 	0.9999855
0.6333333 	0.9999826
0.64 	0.9999793
0.6466667 	0.999976
0.6533333 	0.9999727
0.66 	0.9999694
0.6666667 	0.9999661
0.6733333 	0.9999671
0.68 	0.9999681
0.6866667 	0.9999691
0.6933333 	0.9999701
0.7 	0.9999711
0.7066667 	0.9999746
0.7133333 	0.999978
0.72 	0.9999814
0.7266667 	0.9999848
0.7333333 	0.9999883
0.74 	0.9999886
0.7466667 	0.9999888
0.7533333 	0.9999891
0.76 	0.9999894
0.7666667 	0.9999897
0.7733333 	0.9999774
0.78 	0.9999651
0.7866667 	0.9999529
0.7933333 	0.9999406
0.8 	0.9999283
0.8066667 	0.9998155
0.8133333 	0.9997027
0.82 	0.9995899
0.8266667 	0.9994771
0.8333333 	0.9993643
0.84 	0.9976228
0.8466667 	0.9958812
0.8533333 	0.9941396
0.86 	0.9923981
0.8666667 	0.9906565
0.8733333 	0.9631569
0.88 	0.9356574
0.8866667 	0.9081578
0.8933333 	0.8806583
0.9 	0.8531587
0.9066667 	0.7682177
0.9133333 	0.6832767
0.92 	0.5983357
0.9266667 	0.5133947
0.9333333 	0.4284536
0.94 	0.356558
0.9466667 	0.2846624
0.9533333 	0.2127668
0.96 	0.1408712
0.9666667 	0.06897565
0.9733333 	0.05567604
0.98 	0.04237644
0.9866667 	0.02907683
0.9933333 	0.01577723
1 	0.002477621
1.006667 	0.001987194
1.013333 	0.001496767
1.02 	0.00100634
1.026667 	0.0005159135
1.033333 	2.548664e-05
1.04 	2.039601e-05
1.046667 	1.530538e-05
1.053333 	1.021474e-05
1.06 	5.12411e-06
1.066667 	3.347601e-08
1.073333 	2.678118e-08
1.08 	2.008661e-08
1.086667 	1.339204e-08
1.093333 	6.697468e-09
1.1 	2.896202e-12
1.106667 	2.317464e-12
1.113333 	1.738726e-12
1.12 	1.159988e-12
1.126667 	5.812496e-13
1.133333 	2.511503e-15
1.14 	2.023602e-15
1.146667 	1.5357e-15
1.153333 	1.047799e-15
1.16 	5.598972e-16
1.166667 	7.199566e-17
1.173333 	5.866002e-17
1.18 	4.53244e-17
1.186667 	3.198878e-17
1.193333 	1.865316e-17
1.2 	5.317538e-18
1.206667 	4.457555e-18
1.213333 	3.597573e-18
1.22 	2.73759e-18
1.226667 	1.877608e-18
1.233333 	1.017625e-18
1.24 	8.426506e-19
1.246667 	6.676762e-19
1.253333 	4.927018e-19
1.26 	3.177273e-19
1.266667 	1.427529e-19
1.273333 	1.156399e-19
1.28 	8.85269e-20
1.286667 	6.141391e-20
1.293333 	3.430093e-20
1.3 	7.187946e-21
1.306667 	5.764911e-21
1.313333 	4.341877e-21
1.32 	2.918842e-21
1.326667 	1.495807e-21
1.333333 	7.277222e-23
1.34 	5.823877e-23
1.346667 	4.370532e-23
1.353333 	2.917187e-23
1.36 	1.463842e-23
1.366667 	1.04965e-25
1.373333 	8.397542e-26
1.38 	6.298656e-26
1.386667 	4.199771e-26
1.393333 	2.100886e-26
1.4 	2.000859e-29
1.406667 	1.60071e-29
1.413333 	1.200561e-29
1.42 	8.004124e-30
1.426667 	4.002637e-30
1.433333 	1.14906e-33
1.44 	9.192587e-34
1.446667 	6.894577e-34
1.453333 	4.596567e-34
1.46 	2.298556e-34
1.466667 	5.463244e-38
1.473333 	4.369719e-38
1.48 	3.277342e-38
1.486667 	2.184966e-38
1.493333 	1.092589e-38
1.5 	2.122243e-42
1.506667 	1.697808e-42
1.513333 	1.273373e-42
1.52 	8.489385e-43
1.526667 	4.245036e-43
1.533333 	6.880044e-47
1.54 	5.504073e-47
1.546667 	4.128102e-47
1.553333 	2.752131e-47
1.56 	1.376161e-47
1.566667 	1.897329e-51
1.573333 	1.517322e-51
1.58 	1.138003e-51
1.586667 	7.586839e-52
1.593333 	3.793647e-52
1.6 	4.559064e-56
1.606667 	3.64727e-56
1.613333 	2.735477e-56
1.62 	1.823684e-56
1.626667 	9.118908e-57
1.633333 	9.769066e-61
1.64 	7.815291e-61
1.646667 	5.861516e-61
1.653333 	3.907741e-61
1.66 	1.953965e-61
1.666667 	1.901545e-65
1.673333 	1.520461e-65
1.68 	1.140354e-65
1.686667 	7.602476e-66
1.693333 	3.801407e-66
1.7 	3.386015e-70
1.706667 	2.708823e-70
1.713333 	2.031631e-70
1.72 	1.354439e-70
1.726667 	6.772475e-71
1.733333 	5.560239e-75
1.74 	4.448209e-75
1.746667 	3.336178e-75
1.753333 	2.224147e-75
1.76 	1.112116e-75
1.766667 	8.475563e-80
1.773333 	6.776027e-80
1.78 	5.08205e-80
1.786667 	3.388074e-80
1.793333 	1.694097e-80
1.8 	1.210203e-84
1.806667 	9.681661e-85
1.813333 	7.261287e-85
1.82 	4.840913e-85
1.826667 	2.420539e-85
1.833333 	1.647895e-89
1.84 	1.31832e-89
1.846667 	9.887456e-90
1.853333 	6.591709e-90
1.86 	3.295962e-90
1.866667 	2.157833e-94
1.873333 	1.724954e-94
1.88 	1.293722e-94
1.886667 	8.624908e-95
1.893333 	4.312592e-95
1.9 	2.756743e-99
1.906667 	2.205401e-99
1.913333 	1.65406e-99
1.92 	1.102718e-99
1.926667 	5.513761e-100
1.933333 	3.435046e-104
1.94 	2.748045e-104
1.946667 	2.061044e-104
1.953333 	1.374043e-104
1.96 	6.870426e-105
1.966667 	4.183209e-109
1.973333 	3.343819e-109
1.98 	2.507864e-109
1.986667 	1.67191e-109
1.993333 	8.359548e-110
2 	9.745011e-122
