0 	0.9999601
0.006666667 	0.9999619
0.01333333 	0.9999637
0.02 	0.9999656
0.02666667 	0.9999674
0.03333333 	0.9999692
0.04 	0.9999717
0.04666667 	0.9999741
0.05333333 	0.9999765
0.06 	0.999979
0.06666667 	0.9999814
0.07333333 	0.9999803
0.08 	0.9999791
0.08666667 	0.999978
0.09333333 	0.9999769
0.1 	0.9999758
0.1066667 	0.9999701
0.1133333 	0.9999645
0.12 	0.9999588
0.1266667 	0.9999532
0.1333333 	0.9999475
0.14 	0.9999404
0.1466667 	0.9999332
0.1533333 	0.999926
0.16 	0.9999188
0.1666667 	0.9999116
0.1733333 	0.9999056
0.18 	0.9998996
0.1866667 	0.9998937
0.1933333 	0.9998877
0.2 	0.9998817
0.2066667 	0.9998775
0.2133333 	0.9998733
0.22 	0.9998692
0.2266667 	0.999865
0.2333333 	0.9998608
0.24 	0.9998677
0.2466667 	0.9998745
0.2533333 	0.9998814
0.26 	0.9998882
0.2666667 	0.9998951
0.2733333 	0.9999088
0.28 	0.9999224
0.2866667 	0.9999361
0.2933333 	0.9999497
0.3 	0.9999634
0.3066667 	0.9999695
0.3133333 	0.9999756
0.32 	0.9999817
0.3266667 	0.9999878
0.3333333 	0.9999939
0.34 	0.999994
0.3466667 	0.999994
0.3533333 	0.999994
0.36 	0.999994
0.3666667 	0.9999941
0.3733333 	0.9999904
0.38 	0.9999867
0.3866667 	0.9999831
0.3933333 	0.9999794
0.4 	0.9999757
0.4066667 	0.9999711
0.4133333 	0.9999665
0.42 	0.9999618
0.4266667 	0.9999572
0.4333333 	0.9999526
0.44 	0.9999548
0.4466667 	0.999957
0.4533333 	0.9999592
0.46 	0.9999614
0.4666667 	0.9999636
0.4733333 	0.9999689
0.48 	0.9999742
0.4866667 	0.9999795
0.4933333 	0.9999848
0.5 	0.9999901
0.5066667 	0.9999917
0.5133333 	0.9999933
0.52 	0.9999948
0.5266667 	0.9999964
0.5333333 	0.999998
0.54 	0.9999973
0.5466667 	0.9999966
0.5533333 	0.9999959
0.56 	0.9999952
0.5666667 	0.9999945
0.5733333 	0.9999914
0.58 	0.9999883
0.5866667 	0.9999853
0.5933333 	0.9999822
0.6 	0.9999791
0.6066667 	0.9999763
0.6133333 	0.9999735
0.62 	0.9999708
0.6266667 	0.999968
0.6333333 	0.9999652
0.64 	0.9999676
0.6466667 	0.9999699
0.6533333 	0.9999723
0.66 	0.9999747
0.6666667 	0.999977
0.6733333 	0.9999807
0.68 	0.9999844
0.6866667 	0.999988
0.6933333 	0.9999917
0.7 	0.9999954
0.7066667 	0.9999868
0.7133333 	0.9999783
0.72 	0.9999697
0.7266667 	0.9999612
0.7333333 	0.9999527
0.74 	0.9985538
0.7466667 	0.9971549
0.7533333 	0.995756
0.76 	0.9943572
0.7666667 	0.9929583
0.7733333 	0.96679
0.78 	0.9406216
0.7866667 	0.9144533
0.7933333 	0.888285
0.8 	0.8621166
0.8066667 	0.7752709
0.8133333 	0.6884252
0.82 	0.6015794
0.8266667 	0.5147337
0.8333333 	0.427888
0.84 	0.3543137
0.8466667 	0.2807395
0.8533333 	0.2071653
0.86 	0.1335911
0.8666667 	0.06001686
0.8733333 	0.04826555
0.88 	0.03651423
0.8866667 	0.02476291
0.8933333 	0.0130116
0.9 	0.001260284
0.9066667 	0.001012295
0.9133333 	0.0007643061
0.92 	0.0005163171
0.9266667 	0.0002683281
0.9333333 	2.033913e-05
0.94 	1.636075e-05
0.9466667 	1.238238e-05
0.9533333 	8.403999e-06
0.96 	4.425622e-06
0.9666667 	4.472454e-07
0.9733333 	3.599516e-07
0.98 	2.726577e-07
0.9866667 	1.853639e-07
0.9933333 	9.807013e-08
1 	1.077632e-08
1.006667 	8.649634e-09
1.013333 	6.522953e-09
1.02 	4.396272e-09
1.026667 	2.269591e-09
1.033333 	1.429101e-10
1.04 	1.144245e-10
1.046667 	8.593878e-11
1.053333 	5.74531e-11
1.06 	2.896742e-11
1.066667 	4.817403e-13
1.073333 	3.854422e-13
1.08 	2.891455e-13
1.086667 	1.928487e-13
1.093333 	9.655202e-14
1.1 	2.553046e-16
1.106667 	2.06101e-16
1.113333 	1.568974e-16
1.12 	1.076939e-16
1.126667 	5.849031e-17
1.133333 	9.28675e-18
1.14 	7.555399e-18
1.146667 	5.824047e-18
1.153333 	4.092695e-18
1.16 	2.361344e-18
1.166667 	6.299924e-19
1.173333 	5.212631e-19
1.18 	4.125339e-19
1.186667 	3.038047e-19
1.193333 	1.950755e-19
1.2 	8.634625e-20
1.206667 	7.343874e-20
1.213333 	6.053122e-20
1.22 	4.762371e-20
1.226667 	3.47162e-20
1.233333 	2.180869e-20
1.24 	1.81189e-20
1.246667 	1.44291e-20
1.253333 	1.07393e-20
1.26 	7.049507e-21
1.266667 	3.35971e-21
1.273333 	2.748012e-21
1.28 	2.136313e-21
1.286667 	1.524615e-21
1.293333 	9.129172e-22
1.3 	3.01219e-22
1.306667 	2.432665e-22
1.313333 	1.85314e-22
1.32 	1.273615e-22
1.326667 	6.940899e-23
1.333333 	1.145648e-23
1.34 	9.18838e-24
1.346667 	6.920277e-24
1.353333 	4.652174e-24
1.36 	2.384071e-24
1.366667 	1.159683e-25
1.373333 	9.281195e-26
1.38 	6.965569e-26
1.386667 	4.649942e-26
1.393333 	2.334315e-26
1.4 	1.868819e-28
1.406667 	1.49512e-28
1.413333 	1.121421e-28
1.42 	7.477217e-29
1.426667 	3.740226e-29
1.433333 	3.234658e-32
1.44 	2.587756e-32
1.446667 	1.940855e-32
1.453333 	1.293954e-32
1.46 	6.470523e-33
1.466667 	1.509289e-36
1.473333 	1.207184e-36
1.48 	9.054033e-37
1.486667 	6.036224e-37
1.493333 	3.018415e-37
1.5 	6.055938e-41
1.506667 	4.844795e-41
1.513333 	3.633651e-41
1.52 	2.422508e-41
1.526667 	1.211364e-41
1.533333 	2.206331e-45
1.54 	1.76508e-45
1.546667 	1.323829e-45
1.553333 	8.825784e-46
1.56 	4.413274e-46
1.566667 	7.64933e-50
1.573333 	6.117751e-50
1.58 	4.588379e-50
1.586667 	3.059007e-50
1.593333 	1.529634e-50
1.6 	2.61889e-54
1.606667 	2.09513e-54
1.613333 	1.57137e-54
1.62 	1.04761e-54
1.626667 	5.238504e-55
1.633333 	9.037552e-59
1.64 	7.230104e-59
1.646667 	5.422656e-59
1.653333 	3.615207e-59
1.66 	1.807759e-59
1.666667 	3.107912e-63
1.673333 	2.485627e-63
1.68 	1.864246e-63
1.686667 	1.242865e-63
1.693333 	6.214841e-64
1.7 	1.030928e-67
1.706667 	8.247492e-68
1.713333 	6.185699e-68
1.72 	4.123907e-68
1.726667 	2.062114e-68
1.733333 	3.221012e-72
1.74 	2.576828e-72
1.746667 	1.932645e-72
1.753333 	1.288461e-72
1.76 	6.442774e-73
1.766667 	9.378283e-77
1.773333 	7.500101e-77
1.78 	5.625139e-77
1.786667 	3.750177e-77
1.793333 	1.875216e-77
1.8 	2.539469e-81
1.806667 	2.031588e-81
1.813333 	1.523707e-81
1.82 	1.015826e-81
1.826667 	5.079449e-82
1.833333 	6.394992e-86
1.84 	5.116024e-86
1.846667 	3.837055e-86
1.853333 	2.558087e-86
1.86 	1.279119e-86
1.866667 	1.507518e-90
1.873333 	1.205509e-90
1.88 	9.041404e-91
1.886667 	6.027714e-91
1.893333 	3.014024e-91
1.9 	3.347065e-95
1.906667 	2.677666e-95
1.913333 	2.008267e-95
1.92 	1.338868e-95
1.926667 	6.694693e-96
1.933333 	7.031196e-100
1.94 	5.624985e-100
1.946667 	4.218775e-100
1.953333 	2.812564e-100
1.96 	1.406354e-100
1.966667 	1.430624e-104
1.973333 	1.143937e-104
1.98 	8.579524e-105
1.986667 	5.719683e-105
1.993333 	2.859841e-105
2 	3.333815e-117
