0 	0.9999484
0.006666667 	0.9999491
0.01333333 	0.9999499
0.02 	0.9999506
0.02666667 	0.9999513
0.03333333 	0.999952
0.04 	0.9999535
0.04666667 	0.9999549
0.05333333 	0.9999563
0.06 	0.9999578
0.06666667 	0.9999592
0.07333333 	0.9999546
0.08 	0.9999499
0.08666667 	0.9999453
0.09333333 	0.9999406
0.1 	0.999936
0.1066667 	0.9999304
0.1133333 	0.9999249
0.12 	0.9999194
0.1266667 	0.9999139
0.1333333 	0.9999083
0.14 	0.9999107
0.1466667 	0.9999131
0.1533333 	0.9999155
0.16 	0.9999179
0.1666667 	0.9999203
0.1733333 	0.999923
0.18 	0.9999257
0.1866667 	0.9999284
0.1933333 	0.9999311
0.2 	0.9999338
0.2066667 	0.9999328
0.2133333 	0.9999319
0.22 	0.999931
0.2266667 	0.99993
0.2333333 	0.9999291
0.24 	0.999928
0.2466667 	0.9999269
0.2533333 	0.9999257
0.26 	0.9999246
0.2666667 	0.9999235
0.2733333 	0.9999276
0.28 	0.9999317
0.2866667 	0.9999358
0.2933333 	0.9999398
0.3 	0.9999439
0.3066667 	0.9999505
0.3133333 	0.999957
0.32 	0.9999635
0.3266667 	0.99997
0.3333333 	0.9999766
0.34 	0.9999784
0.3466667 	0.9999801
0.3533333 	0.9999819
0.36 	0.9999837
0.3666667 	0.9999855
0.3733333 	0.9999829
0.38 	0.9999803
0.3866667 	0.9999777
0.3933333 	0.9999751
0.4 	0.9999725
0.4066667 	0.9999601
0.4133333 	0.9999478
0.42 	0.9999355
0.4266667 	0.9999232
0.4333333 	0.9999109
0.44 	0.9999037
0.4466667 	0.9998965
0.4533333 	0.9998893
0.46 	0.9998821
0.4666667 	0.9998749
0.4733333 	0.999885
0.48 	0.999895
0.4866667 	0.9999051
0.4933333 	0.9999151
0.5 	0.9999252
0.5066667 	0.9999348
0.5133333 	0.9999445
0.52 	0.9999542
0.5266667 	0.9999638
0.5333333 	0.9999735
0.54 	0.9999774
0.5466667 	0.9999813
0.5533333 	0.9999852
0.56 	0.999989
0.5666667 	0.9999929
0.5733333 	0.9999939
0.58 	0.9999949
0.5866667 	0.9999958
0.5933333 	0.9999968
0.6 	0.9999978
0.6066667 	0.9999936
0.6133333 	0.9999893
0.62 	0.9999851
0.6266667 	0.9999809
0.6333333 	0.9999767
0.64 	0.9999719
0.6466667 	0.9999672
0.6533333 	0.9999625
0.66 	0.9999577
0.6666667 	0.999953
0.6733333 	0.9999553
0.68 	0.9999577
0.6866667 	0.99996
0.6933333 	0.9999624
0.7 	0.9999647
0.7066667 	0.9999696
0.7133333 	0.9999745
0.72 	0.9999794
0.7266667 	0.9999843
0.7333333 	0.9999891
0.74 	0.9999894
0.7466667 	0.9999897
0.7533333 	0.99999
0.76 	0.9999903
0.7666667 	0.9999906
0.7733333 	0.9999753
0.78 	0.9999601
0.7866667 	0.9999449
0.7933333 	0.9999296
0.8 	0.9999144
0.8066667 	0.9997531
0.8133333 	0.9995919
0.82 	0.9994306
0.8266667 	0.9992693
0.8333333 	0.9991081
0.84 	0.9966619
0.8466667 	0.9942157
0.8533333 	0.9917696
0.86 	0.9893234
0.8666667 	0.9868772
0.8733333 	0.9533151
0.88 	0.919753
0.8866667 	0.8861909
0.8933333 	0.8526288
0.9 	0.8190666
0.9066667 	0.7348233
0.9133333 	0.6505801
0.92 	0.5663368
0.9266667 	0.4820935
0.9333333 	0.3978502
0.94 	0.3322774
0.9466667 	0.2667046
0.9533333 	0.2011318
0.96 	0.1355591
0.9666667 	0.06998627
0.9733333 	0.05669708
0.98 	0.04340789
0.9866667 	0.0301187
0.9933333 	0.0168295
1 	0.00354031
1.006667 	0.002838228
1.013333 	0.002136145
1.02 	0.001434063
1.026667 	0.0007319805
1.033333 	2.989815e-05
1.04 	2.39245e-05
1.046667 	1.795085e-05
1.053333 	1.19772e-05
1.06 	6.003547e-06
1.066667 	2.989735e-08
1.073333 	2.391808e-08
1.08 	1.793912e-08
1.086667 	1.196015e-08
1.093333 	5.981187e-09
1.1 	2.222587e-12
1.106667 	1.778084e-12
1.113333 	1.33358e-12
1.12 	8.890771e-13
1.126667 	4.445739e-13
1.133333 	7.068884e-17
1.14 	5.655159e-17
1.146667 	4.241434e-17
1.153333 	2.827708e-17
1.16 	1.413983e-17
1.166667 	2.577297e-21
1.173333 	2.061305e-21
1.18 	1.54602e-21
1.186667 	1.030735e-21
1.193333 	5.154505e-22
1.2 	1.657302e-25
1.206667 	1.325871e-25
1.213333 	9.944409e-26
1.22 	6.630105e-26
1.226667 	3.315802e-26
1.233333 	1.498157e-29
1.24 	1.198548e-29
1.246667 	8.989394e-30
1.253333 	5.993305e-30
1.26 	2.997217e-30
1.266667 	1.128437e-33
1.273333 	9.026426e-34
1.28 	6.769978e-34
1.286667 	4.513529e-34
1.293333 	2.257081e-34
1.3 	6.325971e-38
1.306667 	5.060831e-38
1.313333 	3.79569e-38
1.32 	2.53055e-38
1.326667 	1.265409e-38
1.333333 	2.68962e-42
1.34 	2.151714e-42
1.346667 	1.613808e-42
1.353333 	1.075902e-42
1.36 	5.379954e-43
1.366667 	8.915187e-47
1.373333 	7.130046e-47
1.38 	5.347594e-47
1.386667 	3.565142e-47
1.393333 	1.78269e-47
1.4 	2.379221e-51
1.406667 	1.903387e-51
1.413333 	1.427553e-51
1.42 	9.517195e-52
1.426667 	4.758858e-52
1.433333 	5.216872e-56
1.44 	4.173516e-56
1.446667 	3.130161e-56
1.453333 	2.086806e-56
1.46 	1.043451e-56
1.466667 	9.561733e-61
1.473333 	7.645243e-61
1.48 	5.733969e-61
1.486667 	3.822696e-61
1.493333 	1.911422e-61
1.5 	1.485708e-65
1.506667 	1.188571e-65
1.513333 	8.91433e-66
1.52 	5.942954e-66
1.526667 	2.971579e-66
1.533333 	2.039578e-70
1.54 	1.631667e-70
1.546667 	1.223756e-70
1.553333 	8.158458e-71
1.56 	4.079352e-71
1.566667 	2.453602e-75
1.573333 	1.961256e-75
1.58 	1.470948e-75
1.586667 	9.806411e-76
1.593333 	4.903339e-76
1.6 	2.662142e-80
1.606667 	2.129719e-80
1.613333 	1.597296e-80
1.62 	1.064873e-80
1.626667 	5.324501e-81
1.633333 	2.726483e-85
1.64 	2.181191e-85
1.646667 	1.6359e-85
1.653333 	1.090609e-85
1.66 	5.453173e-86
1.666667 	2.594996e-90
1.673333 	2.073821e-90
1.68 	1.555372e-90
1.686667 	1.036922e-90
1.693333 	5.184733e-91
1.7 	2.41782e-95
1.706667 	1.93426e-95
1.713333 	1.4507e-95
1.72 	9.671409e-96
1.726667 	4.835812e-96
1.733333 	2.165309e-100
1.74 	1.732251e-100
1.746667 	1.299193e-100
1.753333 	8.661353e-101
1.76 	4.330773e-101
1.766667 	1.927119e-105
1.773333 	1.539966e-105
1.78 	1.154979e-105
1.786667 	7.699915e-106
1.793333 	3.850041e-106
1.8 	1.674551e-110
1.806667 	1.339644e-110
1.813333 	1.004736e-110
1.82 	6.69829e-111
1.826667 	3.349216e-111
1.833333 	1.414124e-115
1.84 	1.131302e-115
1.846667 	8.484792e-116
1.853333 	5.656568e-116
1.86 	2.828343e-116
1.866667 	1.184868e-120
1.873333 	9.46765e-121
1.88 	7.100762e-121
1.886667 	4.733874e-121
1.893333 	2.366986e-121
1.9 	9.806596e-126
1.906667 	7.845293e-126
1.913333 	5.88399e-126
1.92 	3.922686e-126
1.926667 	1.961383e-126
1.933333 	8.007859e-131
1.94 	6.406296e-131
1.946667 	4.804732e-131
1.953333 	3.203169e-131
1.96 	1.601606e-131
1.966667 	4.278521e-136
1.973333 	3.416411e-136
1.98 	2.562308e-136
1.986667 	1.708205e-136
1.993333 	8.541027e-137
2 	9.956567e-149
