0 	0.9999523
0.006666667 	0.9999513
0.01333333 	0.9999503
0.02 	0.9999492
0.02666667 	0.9999482
0.03333333 	0.9999472
0.04 	0.9999462
0.04666667 	0.9999451
0.05333333 	0.9999441
0.06 	0.999943
0.06666667 	0.9999419
0.07333333 	0.99994
0.08 	0.9999381
0.08666667 	0.9999362
0.09333333 	0.9999342
0.1 	0.9999323
0.1066667 	0.999933
0.1133333 	0.9999337
0.12 	0.9999343
0.1266667 	0.999935
0.1333333 	0.9999357
0.14 	0.9999392
0.1466667 	0.9999426
0.1533333 	0.9999461
0.16 	0.9999496
0.1666667 	0.9999531
0.1733333 	0.9999523
0.18 	0.9999516
0.1866667 	0.9999508
0.1933333 	0.9999501
0.2 	0.9999493
0.2066667 	0.9999464
0.2133333 	0.9999435
0.22 	0.9999406
0.2266667 	0.9999377
0.2333333 	0.9999348
0.24 	0.9999359
0.2466667 	0.999937
0.2533333 	0.9999381
0.26 	0.9999392
0.2666667 	0.9999404
0.2733333 	0.9999444
0.28 	0.9999485
0.2866667 	0.9999526
0.2933333 	0.9999567
0.3 	0.9999608
0.3066667 	0.9999637
0.3133333 	0.9999666
0.32 	0.9999696
0.3266667 	0.9999725
0.3333333 	0.9999755
0.34 	0.9999751
0.3466667 	0.9999748
0.3533333 	0.9999745
0.36 	0.9999741
0.3666667 	0.9999738
0.3733333 	0.9999694
0.38 	0.9999651
0.3866667 	0.9999607
0.3933333 	0.9999564
0.4 	0.999952
0.4066667 	0.9999432
0.4133333 	0.9999344
0.42 	0.9999256
0.4266667 	0.9999168
0.4333333 	0.999908
0.44 	0.9999056
0.4466667 	0.9999032
0.4533333 	0.9999009
0.46 	0.9998985
0.4666667 	0.9998961
0.4733333 	0.9999076
0.48 	0.9999191
0.4866667 	0.9999306
0.4933333 	0.9999421
0.5 	0.9999536
0.5066667 	0.9999625
0.5133333 	0.9999714
0.52 	0.9999803
0.5266667 	0.9999892
0.5333333 	0.9999981
0.54 	0.9999988
0.5466667 	0.9999995
0.5533333 	1
0.56 	1.000001
0.5666667 	1.000002
0.5733333 	0.9999989
0.58 	0.999996
0.5866667 	0.9999932
0.5933333 	0.9999904
0.6 	0.9999875
0.6066667 	0.9999814
0.6133333 	0.9999752
0.62 	0.9999691
0.6266667 	0.9999629
0.6333333 	0.9999568
0.64 	0.9999582
0.6466667 	0.9999596
0.6533333 	0.9999611
0.66 	0.9999625
0.6666667 	0.9999639
0.6733333 	0.9999697
0.68 	0.9999756
0.6866667 	0.9999814
0.6933333 	0.9999872
0.7 	0.9999931
0.7066667 	0.9999914
0.7133333 	0.9999897
0.72 	0.999988
0.7266667 	0.9999863
0.7333333 	0.9999846
0.74 	0.9995019
0.7466667 	0.9990193
0.7533333 	0.9985367
0.76 	0.9980541
0.7666667 	0.9975714
0.7733333 	0.9848672
0.78 	0.9721631
0.7866667 	0.9594589
0.7933333 	0.9467547
0.8 	0.9340505
0.8066667 	0.8603249
0.8133333 	0.7865993
0.82 	0.7128737
0.8266667 	0.6391481
0.8333333 	0.5654225
0.84 	0.4793424
0.8466667 	0.3932622
0.8533333 	0.307182
0.86 	0.2211018
0.8666667 	0.1350217
0.8733333 	0.1092459
0.88 	0.08347018
0.8866667 	0.05769443
0.8933333 	0.03191869
0.9 	0.00614295
0.9066667 	0.004930436
0.9133333 	0.003717921
0.92 	0.002505406
0.9266667 	0.001292892
0.9333333 	8.037719e-05
0.94 	6.464999e-05
0.9466667 	4.892278e-05
0.9533333 	3.319558e-05
0.96 	1.746838e-05
0.9666667 	1.74118e-06
0.9733333 	1.396291e-06
0.98 	1.051403e-06
0.9866667 	7.065143e-07
0.9933333 	3.616258e-07
1 	1.673728e-08
1.006667 	1.339372e-08
1.013333 	1.005016e-08
1.02 	6.706601e-09
1.026667 	3.363041e-09
1.033333 	1.948046e-11
1.04 	1.558463e-11
1.046667 	1.16888e-11
1.053333 	7.792967e-12
1.06 	3.897135e-12
1.066667 	1.302487e-15
1.073333 	1.041841e-15
1.08 	7.813904e-16
1.086667 	5.209396e-16
1.093333 	2.604888e-16
1.1 	3.794505e-20
1.106667 	3.03563e-20
1.113333 	2.276754e-20
1.12 	1.517879e-20
1.126667 	7.590033e-21
1.133333 	1.279459e-24
1.14 	1.023576e-24
1.146667 	7.676928e-25
1.153333 	5.118095e-25
1.16 	2.559262e-25
1.166667 	4.283759e-29
1.173333 	3.426008e-29
1.18 	2.569537e-29
1.186667 	1.713065e-29
1.193333 	8.56594e-30
1.2 	1.226581e-33
1.206667 	9.812709e-34
1.213333 	7.359604e-34
1.22 	4.906499e-34
1.226667 	2.453395e-34
1.233333 	2.901441e-38
1.24 	2.321164e-38
1.246667 	1.740887e-38
1.253333 	1.160611e-38
1.26 	5.803341e-39
1.266667 	5.739622e-43
1.273333 	4.589396e-43
1.28 	3.442071e-43
1.286667 	2.294746e-43
1.293333 	1.147422e-43
1.3 	9.715344e-48
1.306667 	7.772304e-48
1.313333 	5.829264e-48
1.32 	3.886224e-48
1.326667 	1.943184e-48
1.333333 	1.441174e-52
1.34 	1.152943e-52
1.346667 	8.647118e-53
1.353333 	5.764809e-53
1.36 	2.8825e-53
1.366667 	1.908844e-57
1.373333 	1.525927e-57
1.38 	1.144451e-57
1.386667 	7.629749e-58
1.393333 	3.814989e-58
1.4 	2.284494e-62
1.406667 	1.8276e-62
1.413333 	1.370706e-62
1.42 	9.138127e-63
1.426667 	4.569188e-63
1.433333 	2.500662e-67
1.44 	2.000535e-67
1.446667 	1.500407e-67
1.453333 	1.00028e-67
1.46 	5.001526e-68
1.466667 	2.525128e-72
1.473333 	2.018107e-72
1.48 	1.513586e-72
1.486667 	1.009065e-72
1.493333 	5.045444e-73
1.5 	2.361416e-77
1.506667 	1.889137e-77
1.513333 	1.416858e-77
1.52 	9.445786e-78
1.526667 	4.722996e-78
1.533333 	2.061689e-82
1.54 	1.649355e-82
1.546667 	1.23702e-82
1.553333 	8.246859e-83
1.56 	4.123514e-83
1.566667 	1.688707e-87
1.573333 	1.349319e-87
1.58 	1.011993e-87
1.586667 	6.746661e-88
1.593333 	3.373396e-88
1.6 	1.299284e-92
1.606667 	1.039429e-92
1.613333 	7.795742e-93
1.62 	5.197193e-93
1.626667 	2.598644e-93
1.633333 	9.464079e-98
1.64 	7.571276e-98
1.646667 	5.678474e-98
1.653333 	3.785671e-98
1.66 	1.892868e-98
1.666667 	6.553518e-103
1.673333 	5.235252e-103
1.68 	3.92645e-103
1.686667 	2.617648e-103
1.693333 	1.308845e-103
1.7 	4.310464e-108
1.706667 	3.448377e-108
1.713333 	2.586289e-108
1.72 	1.724202e-108
1.726667 	8.621145e-109
1.733333 	2.711124e-113
1.74 	2.168902e-113
1.746667 	1.626681e-113
1.753333 	1.084459e-113
1.76 	5.422379e-114
1.766667 	1.633615e-118
1.773333 	1.304725e-118
1.78 	9.785461e-119
1.786667 	6.523672e-119
1.793333 	3.261883e-119
1.8 	9.398118e-124
1.806667 	7.518504e-124
1.813333 	5.638891e-124
1.82 	3.759278e-124
1.826667 	1.879665e-124
1.833333 	5.195991e-129
1.84 	4.156797e-129
1.846667 	3.117603e-129
1.853333 	2.07841e-129
1.86 	1.039216e-129
1.866667 	2.187203e-134
1.873333 	1.621788e-134
1.88 	1.061569e-134
1.886667 	5.0135e-135
1.893333 	-5.886886e-136
1.9 	-6.190877e-135
1.906667 	-5.110442e-135
1.913333 	-4.030007e-135
1.92 	-2.949572e-135
1.926667 	-1.869138e-135
1.933333 	-7.887027e-136
1.94 	-6.415236e-136
1.946667 	-4.943446e-136
1.953333 	-3.471656e-136
1.96 	-1.999865e-136
1.966667 	-5.280748e-137
1.973333 	-4.315927e-137
1.98 	-3.351108e-137
1.986667 	-2.386288e-137
1.993333 	-1.421468e-137
2 	-4.566487e-138
