0 	1.000003
0.006666667 	1.000003
0.01333333 	1.000003
0.02 	1.000003
0.02666667 	1.000003
0.03333333 	1.000003
0.04 	1.000004
0.04666667 	1.000004
0.05333333 	1.000004
0.06 	1.000004
0.06666667 	1.000004
0.07333333 	1.000004
0.08 	1.000004
0.08666667 	1.000004
0.09333333 	1.000004
0.1 	1.000003
0.1066667 	1.000003
0.1133333 	1.000003
0.12 	1.000003
0.1266667 	1.000003
0.1333333 	1.000003
0.14 	1.000003
0.1466667 	1.000003
0.1533333 	1.000003
0.16 	1.000003
0.1666667 	1.000003
0.1733333 	1.000003
0.18 	1.000003
0.1866667 	1.000003
0.1933333 	1.000003
0.2 	1.000003
0.2066667 	1.000003
0.2133333 	1.000003
0.22 	1.000003
0.2266667 	1.000003
0.2333333 	1.000003
0.24 	1.000003
0.2466667 	1.000003
0.2533333 	1.000003
0.26 	1.000004
0.2666667 	1.000004
0.2733333 	1.000004
0.28 	1.000003
0.2866667 	1.000003
0.2933333 	1.000003
0.3 	1.000003
0.3066667 	1.000003
0.3133333 	1.000003
0.32 	1.000003
0.3266667 	1.000003
0.3333333 	1.000003
0.34 	1.000003
0.3466667 	1.000003
0.3533333 	1.000003
0.36 	1.000003
0.3666667 	1.000003
0.3733333 	1.000003
0.38 	1.000003
0.3866667 	1.000003
0.3933333 	1.000003
0.4 	1.000003
0.4066667 	1.000003
0.4133333 	1.000003
0.42 	1.000003
0.4266667 	1.000003
0.4333333 	1.000003
0.44 	1.000002
0.4466667 	1.000002
0.4533333 	1.000002
0.46 	1.000002
0.4666667 	1.000002
0.4733333 	1.000002
0.48 	1.000002
0.4866667 	1.000002
0.4933333 	1.000002
0.5 	1.000002
0.5066667 	1.000002
0.5133333 	1.000002
0.52 	1.000002
0.5266667 	1.000002
0.5333333 	1.000002
0.54 	1.000002
0.5466667 	1.000002
0.5533333 	1.000002
0.56 	1.000002
0.5666667 	1.000002
0.5733333 	1.000002
0.58 	1.000002
0.5866667 	1.000002
0.5933333 	1.000002
0.6 	1.000002
0.6066667 	1.000002
0.6133333 	1.000002
0.62 	1.000002
0.6266667 	1.000001
0.6333333 	1.000001
0.64 	1.000001
0.6466667 	1.000001
0.6533333 	1.000001
0.66 	1.000001
0.6666667 	1.000001
0.6733333 	1.000001
0.68 	1.000001
0.6866667 	1.000001
0.6933333 	1.000001
0.7 	1.000001
0.7066667 	1.000001
0.7133333 	1.000001
0.72 	1.000001
0.7266667 	1.000001
0.7333333 	1.000001
0.74 	1.000001
0.7466667 	1.000001
0.7533333 	1.000001
0.76 	1.000001
0.7666667 	1.000001
0.7733333 	1.000001
0.78 	1
0.7866667 	1
0.7933333 	1
0.8 	0.9999999
0.8066667 	0.9988466
0.8133333 	0.9976934
0.82 	0.9965401
0.8266667 	0.9953869
0.8333333 	0.9942336
0.84 	0.8942341
0.8466667 	0.7942345
0.8533333 	0.6942349
0.86 	0.5942354
0.8666667 	0.4942358
0.8733333 	0.395389
0.88 	0.2965423
0.8866667 	0.1976955
0.8933333 	0.09884872
0.9 	1.942228e-06
0.9066667 	1.553782e-06
0.9133333 	1.165337e-06
0.92 	7.768911e-07
0.9266667 	3.884457e-07
0.9333333 	2.070109e-13
0.94 	1.656088e-13
0.9466667 	1.242066e-13
0.9533333 	8.280438e-14
0.96 	4.140219e-14
0.9666667 	2.169302e-21
0.9733333 	1.569844e-21
0.98 	1.177383e-21
0.9866667 	7.849222e-22
0.9933333 	3.924611e-22
1 	5.944724e-31
1.006667 	4.755779e-31
1.013333 	3.566834e-31
1.02 	2.37789e-31
1.026667 	1.188945e-31
1.033333 	1.497525e-40
1.04 	1.19802e-40
1.046667 	8.985153e-41
1.053333 	5.990102e-41
1.06 	2.995051e-41
1.066667 	1.49811e-48
1.073333 	4.727619e-52
1.08 	3.545714e-52
1.086667 	2.36381e-52
1.093333 	1.181905e-52
1.1 	8.943145e-62
1.106667 	7.154516e-62
1.113333 	5.365887e-62
1.12 	3.577258e-62
1.126667 	1.788629e-62
1.133333 	2.270941e-70
1.14 	1.816753e-70
1.146667 	1.362564e-70
1.153333 	9.083763e-71
1.16 	4.541882e-71
1.166667 	2.421927e-78
1.173333 	1.207924e-79
1.18 	9.059427e-80
1.186667 	6.039618e-80
1.193333 	3.019809e-80
1.2 	2.498497e-88
1.206667 	1.998798e-88
1.213333 	1.499098e-88
1.22 	9.993989e-89
1.226667 	4.996994e-89
1.233333 	3.288627e-97
1.24 	2.630902e-97
1.246667 	1.973176e-97
1.253333 	1.315451e-97
1.26 	6.577254e-98
1.266667 	3.288632e-105
1.273333 	-1.004915e-150
1.28 	-7.536858e-151
1.286667 	-5.024571e-151
1.293333 	-2.512283e-151
1.3 	3.850004e-157
1.306667 	3.080003e-157
1.313333 	2.310002e-157
1.32 	1.540002e-157
1.326667 	7.700008e-158
1.333333 	1.337562e-171
1.34 	1.07005e-171
1.346667 	8.025373e-172
1.353333 	5.350249e-172
1.36 	2.675124e-172
1.366667 	1.337568e-179
1.373333 	9.789233e-189
1.38 	7.341925e-189
1.386667 	4.894617e-189
1.393333 	2.447308e-189
1.4 	5.707751e-202
1.406667 	1.543642e-205
1.413333 	1.157731e-205
1.42 	7.718209e-206
1.426667 	3.859105e-206
1.433333 	1.242691e-212
1.44 	9.941528e-213
1.446667 	7.456146e-213
1.453333 	4.970764e-213
1.46 	2.485382e-213
1.466667 	1.242699e-220
1.473333 	3.34615e-285
1.48 	2.509613e-285
1.486667 	1.673075e-285
1.493333 	8.365377e-286
1.5 	2.277927e-292
1.506667 	1.822339e-292
1.513333 	1.366754e-292
1.52 	9.111695e-293
1.526667 	4.555848e-293
1.533333 	1.321164e-299
1.54 	1.056931e-299
1.546667 	7.926985e-300
1.553333 	5.284657e-300
1.56 	2.642329e-300
1.566667 	5.271005e-307
1.573333 	3.159862e-307
1.58 	2.369897e-307
1.586667 	1.579931e-307
1.593333 	7.899656e-308
1.6 	2.625772e-315
1.606667 	2.100582e-315
1.613333 	1.575437e-315
1.62 	1.050291e-315
1.626667 	5.251455e-316
1.633333 	3.952525e-323
1.64 	3.45846e-323
1.646667 	2.470328e-323
1.653333 	1.976263e-323
1.66 	9.881313e-324
1.666667 	0
1.673333 	0
1.68 	0
1.686667 	0
1.693333 	0
1.7 	0
1.706667 	0
1.713333 	0
1.72 	0
1.726667 	0
1.733333 	0
1.74 	0
1.746667 	0
1.753333 	0
1.76 	0
1.766667 	0
1.773333 	0
1.78 	0
1.786667 	0
1.793333 	0
1.8 	0
1.806667 	0
1.813333 	0
1.82 	0
1.826667 	0
1.833333 	0
1.84 	0
1.846667 	0
1.853333 	0
1.86 	0
1.866667 	0
1.873333 	0
1.88 	0
1.886667 	0
1.893333 	0
1.9 	0
1.906667 	0
1.913333 	0
1.92 	0
1.926667 	0
1.933333 	0
1.94 	0
1.946667 	0
1.953333 	0
1.96 	0
1.966667 	0
1.973333 	0
1.98 	0
1.986667 	0
1.993333 	0
2 	0
