0 	1.000003
0.006666667 	1.000003
0.01333333 	1.000003
0.02 	1.000003
0.02666667 	1.000004
0.03333333 	1.000004
0.04 	1.000004
0.04666667 	1.000004
0.05333333 	1.000004
0.06 	1.000004
0.06666667 	1.000004
0.07333333 	1.000004
0.08 	1.000004
0.08666667 	1.000004
0.09333333 	1.000004
0.1 	1.000004
0.1066667 	1.000004
0.1133333 	1.000004
0.12 	1.000004
0.1266667 	1.000004
0.1333333 	1.000004
0.14 	1.000004
0.1466667 	1.000004
0.1533333 	1.000004
0.16 	1.000004
0.1666667 	1.000003
0.1733333 	1.000003
0.18 	1.000003
0.1866667 	1.000002
0.1933333 	1.000002
0.2 	1.000002
0.2066667 	1.000002
0.2133333 	1.000002
0.22 	1.000003
0.2266667 	1.000003
0.2333333 	1.000003
0.24 	1.000004
0.2466667 	1.000004
0.2533333 	1.000004
0.26 	1.000005
0.2666667 	1.000005
0.2733333 	1.000005
0.28 	1.000005
0.2866667 	1.000005
0.2933333 	1.000005
0.3 	1.000005
0.3066667 	1.000005
0.3133333 	1.000005
0.32 	1.000005
0.3266667 	1.000004
0.3333333 	1.000004
0.34 	1.000004
0.3466667 	1.000004
0.3533333 	1.000004
0.36 	1.000004
0.3666667 	1.000004
0.3733333 	1.000005
0.38 	1.000005
0.3866667 	1.000005
0.3933333 	1.000005
0.4 	1.000005
0.4066667 	1.000005
0.4133333 	1.000005
0.42 	1.000005
0.4266667 	1.000004
0.4333333 	1.000004
0.44 	1.000004
0.4466667 	1.000004
0.4533333 	1.000004
0.46 	1.000004
0.4666667 	1.000004
0.4733333 	1.000004
0.48 	1.000004
0.4866667 	1.000004
0.4933333 	1.000004
0.5 	1.000004
0.5066667 	1.000004
0.5133333 	1.000004
0.52 	1.000004
0.5266667 	1.000004
0.5333333 	1.000004
0.54 	1.000004
0.5466667 	1.000004
0.5533333 	1.000004
0.56 	1.000004
0.5666667 	1.000004
0.5733333 	1.000004
0.58 	1.000004
0.5866667 	1.000004
0.5933333 	1.000003
0.6 	1.000003
0.6066667 	1.000003
0.6133333 	1.000003
0.62 	1.000003
0.6266667 	1.000003
0.6333333 	1.000003
0.64 	1.000003
0.6466667 	1.000003
0.6533333 	1.000003
0.66 	1.000003
0.6666667 	1.000002
0.6733333 	1.000002
0.68 	1.000002
0.6866667 	1.000002
0.6933333 	1.000002
0.7 	1.000002
0.7066667 	1.000002
0.7133333 	1.000002
0.72 	1.000002
0.7266667 	1.000002
0.7333333 	1.000001
0.74 	1.000001
0.7466667 	1
0.7533333 	0.9999999
0.76 	0.9999994
0.7666667 	0.9999989
0.7733333 	0.9999041
0.78 	0.9998093
0.7866667 	0.9997144
0.7933333 	0.9996196
0.8 	0.9995248
0.8066667 	0.9968754
0.8133333 	0.994226
0.82 	0.9915767
0.8266667 	0.9889273
0.8333333 	0.986278
0.84 	0.9430445
0.8466667 	0.899811
0.8533333 	0.8565776
0.86 	0.8133441
0.8666667 	0.7701107
0.8733333 	0.6807489
0.88 	0.5913871
0.8866667 	0.5020252
0.8933333 	0.4126634
0.9 	0.3233016
0.9066667 	0.2668343
0.9133333 	0.210367
0.92 	0.1538997
0.9266667 	0.09743244
0.9333333 	0.04096514
0.94 	0.03297726
0.9466667 	0.02498937
0.9533333 	0.01700149
0.96 	0.00901361
0.9666667 	0.001025728
0.9733333 	0.0008212187
0.98 	0.0006167092
0.9866667 	0.0004121997
0.9933333 	0.0002076902
1 	3.180685e-06
1.006667 	2.544703e-06
1.013333 	1.908721e-06
1.02 	1.272739e-06
1.026667 	6.367575e-07
1.033333 	7.755647e-10
1.04 	6.20457e-10
1.046667 	4.653493e-10
1.053333 	3.102416e-10
1.06 	1.551339e-10
1.066667 	2.623321e-14
1.073333 	2.098052e-14
1.08 	1.57356e-14
1.086667 	1.049067e-14
1.093333 	5.245742e-15
1.1 	8.148145e-19
1.106667 	6.518561e-19
1.113333 	4.888977e-19
1.12 	3.259393e-19
1.126667 	1.629809e-19
1.133333 	2.255045e-23
1.14 	1.804047e-23
1.146667 	1.35305e-23
1.153333 	9.020524e-24
1.16 	4.510549e-24
1.166667 	5.735921e-28
1.173333 	4.586961e-28
1.18 	3.440255e-28
1.186667 	2.29355e-28
1.193333 	1.146844e-28
1.2 	1.387145e-32
1.206667 	1.109723e-32
1.213333 	8.323e-33
1.22 	5.548775e-33
1.226667 	2.774551e-33
1.233333 	3.259414e-37
1.24 	2.607546e-37
1.246667 	1.955678e-37
1.253333 	1.30381e-37
1.26 	6.519423e-38
1.266667 	7.435465e-42
1.273333 	5.945797e-42
1.28 	4.459388e-42
1.286667 	2.972979e-42
1.293333 	1.486571e-42
1.3 	1.619319e-46
1.306667 	1.295462e-46
1.313333 	9.716045e-47
1.32 	6.477474e-47
1.326667 	3.238902e-47
1.333333 	3.309736e-51
1.34 	2.647801e-51
1.346667 	1.985867e-51
1.353333 	1.323932e-51
1.36 	6.619973e-52
1.366667 	6.25917e-56
1.373333 	5.00471e-56
1.38 	3.75356e-56
1.386667 	2.502409e-56
1.393333 	1.251259e-56
1.4 	1.084583e-60
1.406667 	8.676699e-61
1.413333 	6.507567e-61
1.42 	4.338435e-61
1.426667 	2.169304e-61
1.433333 	1.71896e-65
1.44 	1.375173e-65
1.446667 	1.031386e-65
1.453333 	6.87599e-66
1.46 	3.43812e-66
1.466667 	2.492989e-70
1.473333 	1.993023e-70
1.48 	1.494775e-70
1.486667 	9.96528e-71
1.493333 	4.982805e-71
1.5 	3.308431e-75
1.506667 	2.646753e-75
1.513333 	1.985075e-75
1.52 	1.323397e-75
1.526667 	6.617184e-76
1.533333 	4.040222e-80
1.54 	3.232187e-80
1.546667 	2.424151e-80
1.553333 	1.616116e-80
1.56 	8.080808e-81
1.566667 	4.559915e-85
1.573333 	3.644709e-85
1.58 	2.733544e-85
1.586667 	1.822378e-85
1.593333 	9.112131e-86
1.6 	4.763269e-90
1.606667 	3.810625e-90
1.613333 	2.85798e-90
1.62 	1.905336e-90
1.626667 	9.52691e-91
1.633333 	4.63886e-95
1.64 	3.711097e-95
1.646667 	2.783333e-95
1.653333 	1.85557e-95
1.66 	9.278059e-96
1.666667 	4.230631e-100
1.673333 	3.380801e-100
1.68 	2.53561e-100
1.686667 	1.690419e-100
1.693333 	8.452274e-101
1.7 	3.61601e-105
1.706667 	2.892814e-105
1.713333 	2.169618e-105
1.72 	1.446421e-105
1.726667 	7.232253e-106
1.733333 	2.918623e-110
1.74 	2.334903e-110
1.746667 	1.751183e-110
1.753333 	1.167463e-110
1.76 	5.837425e-111
1.766667 	2.235732e-115
1.773333 	1.786254e-115
1.78 	1.339694e-115
1.786667 	8.93135e-116
1.793333 	4.465756e-116
1.8 	1.626251e-120
1.806667 	1.301003e-120
1.813333 	9.757553e-121
1.82 	6.505073e-121
1.826667 	3.252593e-121
1.833333 	1.132806e-125
1.84 	9.062467e-126
1.846667 	6.796869e-126
1.853333 	4.531272e-126
1.86 	2.265674e-126
1.866667 	7.594629e-131
1.873333 	6.06665e-131
1.88 	4.55e-131
1.886667 	3.03335e-131
1.893333 	1.516699e-131
1.9 	4.903403e-136
1.906667 	3.922729e-136
1.913333 	2.942054e-136
1.92 	1.96138e-136
1.926667 	9.807052e-137
1.933333 	3.079355e-141
1.94 	2.463488e-141
1.946667 	1.84762e-141
1.953333 	1.231753e-141
1.96 	6.158861e-142
1.966667 	1.891622e-146
1.973333 	1.511319e-146
1.98 	1.134096e-146
1.986667 	7.568725e-147
1.993333 	3.796492e-147
2 	2.425875e-149
