0 	0.9999434
0.006666667 	0.9999452
0.01333333 	0.9999471
0.02 	0.9999489
0.02666667 	0.9999507
0.03333333 	0.9999526
0.04 	0.9999558
0.04666667 	0.9999591
0.05333333 	0.9999623
0.06 	0.9999655
0.06666667 	0.9999688
0.07333333 	0.9999699
0.08 	0.999971
0.08666667 	0.9999721
0.09333333 	0.9999732
0.1 	0.9999743
0.1066667 	0.9999711
0.1133333 	0.999968
0.12 	0.9999649
0.1266667 	0.9999618
0.1333333 	0.9999586
0.14 	0.9999559
0.1466667 	0.9999531
0.1533333 	0.9999504
0.16 	0.9999476
0.1666667 	0.9999448
0.1733333 	0.9999449
0.18 	0.9999449
0.1866667 	0.9999449
0.1933333 	0.999945
0.2 	0.999945
0.2066667 	0.9999419
0.2133333 	0.9999389
0.22 	0.9999359
0.2266667 	0.9999328
0.2333333 	0.9999298
0.24 	0.9999265
0.2466667 	0.9999233
0.2533333 	0.99992
0.26 	0.9999168
0.2666667 	0.9999135
0.2733333 	0.9999187
0.28 	0.9999239
0.2866667 	0.9999291
0.2933333 	0.9999343
0.3 	0.9999394
0.3066667 	0.9999476
0.3133333 	0.9999558
0.32 	0.999964
0.3266667 	0.9999721
0.3333333 	0.9999803
0.34 	0.9999817
0.3466667 	0.999983
0.3533333 	0.9999843
0.36 	0.9999857
0.3666667 	0.999987
0.3733333 	0.9999793
0.38 	0.9999715
0.3866667 	0.9999638
0.3933333 	0.999956
0.4 	0.9999483
0.4066667 	0.9999389
0.4133333 	0.9999296
0.42 	0.9999203
0.4266667 	0.9999109
0.4333333 	0.9999016
0.44 	0.9999043
0.4466667 	0.999907
0.4533333 	0.9999097
0.46 	0.9999124
0.4666667 	0.9999151
0.4733333 	0.9999256
0.48 	0.9999361
0.4866667 	0.9999466
0.4933333 	0.9999571
0.5 	0.9999676
0.5066667 	0.9999732
0.5133333 	0.9999787
0.52 	0.9999843
0.5266667 	0.9999899
0.5333333 	0.9999955
0.54 	0.9999957
0.5466667 	0.999996
0.5533333 	0.9999962
0.56 	0.9999965
0.5666667 	0.9999967
0.5733333 	0.9999923
0.58 	0.9999879
0.5866667 	0.9999835
0.5933333 	0.999979
0.6 	0.9999746
0.6066667 	0.9999695
0.6133333 	0.9999645
0.62 	0.9999594
0.6266667 	0.9999544
0.6333333 	0.9999493
0.64 	0.9999506
0.6466667 	0.9999519
0.6533333 	0.9999532
0.66 	0.9999544
0.6666667 	0.9999557
0.6733333 	0.9999605
0.68 	0.9999652
0.6866667 	0.9999699
0.6933333 	0.9999746
0.7 	0.9999794
0.7066667 	0.9999786
0.7133333 	0.9999778
0.72 	0.999977
0.7266667 	0.9999762
0.7333333 	0.9999754
0.74 	0.999812
0.7466667 	0.9996487
0.7533333 	0.9994853
0.76 	0.999322
0.7666667 	0.9991586
0.7733333 	0.9960582
0.78 	0.9929578
0.7866667 	0.9898574
0.7933333 	0.9867569
0.8 	0.9836565
0.8066667 	0.9395511
0.8133333 	0.8954456
0.82 	0.8513401
0.8266667 	0.8072347
0.8333333 	0.7631292
0.84 	0.6741049
0.8466667 	0.5850807
0.8533333 	0.4960564
0.86 	0.4070322
0.8666667 	0.3180079
0.8733333 	0.262497
0.88 	0.2069861
0.8866667 	0.1514752
0.8933333 	0.09596427
0.9 	0.04045335
0.9066667 	0.03258293
0.9133333 	0.02471251
0.92 	0.01684208
0.9266667 	0.008971662
0.9333333 	0.001101239
0.94 	0.0008818923
0.9466667 	0.0006625452
0.9533333 	0.0004431981
0.96 	0.000223851
0.9666667 	4.503875e-06
0.9733333 	3.604378e-06
0.98 	2.704882e-06
0.9866667 	1.805386e-06
0.9933333 	9.058899e-07
1 	6.393896e-09
1.006667 	5.144501e-09
1.013333 	3.895106e-09
1.02 	2.645711e-09
1.026667 	1.396315e-09
1.033333 	1.469201e-10
1.04 	1.18166e-10
1.046667 	8.941195e-11
1.053333 	6.065788e-11
1.06 	3.190381e-11
1.066667 	3.149738e-12
1.073333 	2.523037e-12
1.08 	1.896338e-12
1.086667 	1.269639e-12
1.093333 	6.429402e-13
1.1 	1.62411e-14
1.106667 	1.30056e-14
1.113333 	9.770087e-15
1.12 	6.534578e-15
1.126667 	3.29907e-15
1.133333 	6.356125e-17
1.14 	5.251555e-17
1.146667 	4.146985e-17
1.153333 	3.042414e-17
1.16 	1.937844e-17
1.166667 	8.332737e-18
1.173333 	6.919362e-18
1.18 	5.505987e-18
1.186667 	4.092612e-18
1.193333 	2.679238e-18
1.2 	1.265863e-18
1.206667 	1.037228e-18
1.213333 	8.085921e-19
1.22 	5.799565e-19
1.226667 	3.513209e-19
1.233333 	1.226853e-19
1.24 	9.943041e-20
1.246667 	7.617548e-20
1.253333 	5.292055e-20
1.26 	2.966562e-20
1.266667 	6.410688e-21
1.273333 	5.155251e-21
1.28 	3.899815e-21
1.286667 	2.644379e-21
1.293333 	1.388943e-21
1.3 	1.335068e-22
1.306667 	1.069338e-22
1.313333 	8.036077e-23
1.32 	5.378778e-23
1.326667 	2.721479e-23
1.333333 	6.418011e-25
1.34 	5.1352e-25
1.346667 	3.852388e-25
1.353333 	2.569577e-25
1.36 	1.286766e-25
1.366667 	3.954131e-28
1.373333 	3.163296e-28
1.38 	2.372526e-28
1.386667 	1.581756e-28
1.393333 	7.909852e-29
1.4 	2.148285e-32
1.406667 	1.718646e-32
1.413333 	1.289006e-32
1.42 	8.593667e-33
1.426667 	4.297273e-33
1.433333 	8.782235e-37
1.44 	7.025852e-37
1.446667 	5.269468e-37
1.453333 	3.513084e-37
1.46 	1.7567e-37
1.466667 	3.165172e-41
1.473333 	2.531455e-41
1.48 	1.898616e-41
1.486667 	1.265777e-41
1.493333 	6.329382e-42
1.5 	9.918734e-46
1.506667 	7.935042e-46
1.513333 	5.95135e-46
1.52 	3.967658e-46
1.526667 	1.983966e-46
1.533333 	2.73816e-50
1.54 	2.190542e-50
1.546667 	1.642923e-50
1.553333 	1.095305e-50
1.56 	5.47686e-51
1.566667 	6.747684e-55
1.573333 	5.395986e-55
1.58 	4.047027e-55
1.586667 	2.698068e-55
1.593333 	1.349109e-55
1.6 	1.499121e-59
1.606667 	1.199303e-59
1.613333 	8.99485e-60
1.62 	5.996668e-60
1.626667 	2.998486e-60
1.633333 	3.037108e-64
1.64 	2.429698e-64
1.646667 	1.822287e-64
1.653333 	1.214877e-64
1.66 	6.074668e-65
1.666667 	5.64895e-69
1.673333 	4.51675e-69
1.68 	3.387586e-69
1.686667 	2.258423e-69
1.693333 	1.12926e-69
1.7 	9.668275e-74
1.706667 	7.73465e-74
1.713333 	5.801026e-74
1.72 	3.867401e-74
1.726667 	1.933777e-74
1.733333 	1.529038e-78
1.74 	1.223235e-78
1.746667 	9.174317e-79
1.753333 	6.116286e-79
1.76 	3.058255e-79
1.766667 	2.241134e-83
1.773333 	1.79169e-83
1.78 	1.343775e-83
1.786667 	8.958605e-84
1.793333 	4.479455e-84
1.8 	3.055882e-88
1.806667 	2.444714e-88
1.813333 	1.833545e-88
1.82 	1.222376e-88
1.826667 	6.112077e-89
1.833333 	3.911844e-93
1.84 	3.129485e-93
1.846667 	2.347125e-93
1.853333 	1.564766e-93
1.86 	7.824067e-94
1.866667 	4.738305e-98
1.873333 	3.787526e-98
1.88 	2.840658e-98
1.886667 	1.89379e-98
1.893333 	9.469224e-99
1.9 	5.469264e-103
1.906667 	4.375423e-103
1.913333 	3.281582e-103
1.92 	2.187742e-103
1.926667 	1.093901e-103
1.933333 	6.087401e-108
1.94 	4.869934e-108
1.946667 	3.652467e-108
1.953333 	2.435e-108
1.96 	1.217533e-108
1.966667 	6.591005e-113
1.973333 	5.267961e-113
1.98 	3.951005e-113
1.986667 	2.634049e-113
1.993333 	1.317093e-113
2 	1.370335e-117
