0 	1.000003
0.006666667 	1.000003
0.01333333 	1.000003
0.02 	1.000002
0.02666667 	1.000002
0.03333333 	1.000002
0.04 	1.000001
0.04666667 	1.000001
0.05333333 	1.000001
0.06 	1
0.06666667 	1
0.07333333 	0.9999995
0.08 	0.999999
0.08666667 	0.9999985
0.09333333 	0.999998
0.1 	0.9999976
0.1066667 	0.999997
0.1133333 	0.9999964
0.12 	0.9999958
0.1266667 	0.9999953
0.1333333 	0.9999947
0.14 	0.9999951
0.1466667 	0.9999955
0.1533333 	0.9999959
0.16 	0.9999963
0.1666667 	0.9999967
0.1733333 	0.9999976
0.18 	0.9999984
0.1866667 	0.9999993
0.1933333 	1
0.2 	1.000001
0.2066667 	1.000001
0.2133333 	1.000001
0.22 	1.000001
0.2266667 	1.000001
0.2333333 	1.000001
0.24 	1.000001
0.2466667 	1
0.2533333 	0.9999998
0.26 	0.9999993
0.2666667 	0.9999988
0.2733333 	0.9999984
0.28 	0.999998
0.2866667 	0.9999976
0.2933333 	0.9999973
0.3 	0.9999969
0.3066667 	0.9999968
0.3133333 	0.9999968
0.32 	0.9999968
0.3266667 	0.9999967
0.3333333 	0.9999967
0.34 	0.999997
0.3466667 	0.9999973
0.3533333 	0.9999975
0.36 	0.9999978
0.3666667 	0.9999981
0.3733333 	0.9999984
0.38 	0.9999987
0.3866667 	0.999999
0.3933333 	0.9999993
0.4 	0.9999996
0.4066667 	0.9999999
0.4133333 	1
0.42 	1
0.4266667 	1.000001
0.4333333 	1.000001
0.44 	1.000002
0.4466667 	1.000002
0.4533333 	1.000003
0.46 	1.000003
0.4666667 	1.000004
0.4733333 	1.000005
0.48 	1.000006
0.4866667 	1.000007
0.4933333 	1.000008
0.5 	1.000008
0.5066667 	1.000009
0.5133333 	1.000009
0.52 	1.000009
0.5266667 	1.00001
0.5333333 	1.00001
0.54 	1.00001
0.5466667 	1.000009
0.5533333 	1.000009
0.56 	1.000009
0.5666667 	1.000009
0.5733333 	1.000008
0.58 	1.000008
0.5866667 	1.000007
0.5933333 	1.000007
0.6 	1.000006
0.6066667 	1.000006
0.6133333 	1.000005
0.62 	1.000005
0.6266667 	1.000004
0.6333333 	1.000004
0.64 	1.000003
0.6466667 	1.000003
0.6533333 	1.000002
0.66 	1.000002
0.6666667 	1.000001
0.6733333 	1.000001
0.68 	1.000001
0.6866667 	1
0.6933333 	1
0.7 	0.9999998
0.7066667 	0.9999974
0.7133333 	0.999995
0.72 	0.9999926
0.7266667 	0.9999903
0.7333333 	0.9999879
0.74 	0.9994002
0.7466667 	0.9988125
0.7533333 	0.9982247
0.76 	0.997637
0.7666667 	0.9970493
0.7733333 	0.9805623
0.78 	0.9640753
0.7866667 	0.9475883
0.7933333 	0.9311013
0.8 	0.9146143
0.8066667 	0.837286
0.8133333 	0.7599577
0.82 	0.6826294
0.8266667 	0.6053012
0.8333333 	0.5279729
0.84 	0.444992
0.8466667 	0.3620111
0.8533333 	0.2790302
0.86 	0.1960493
0.8666667 	0.1130684
0.8733333 	0.09099448
0.88 	0.06892059
0.8866667 	0.0468467
0.8933333 	0.02477281
0.9 	0.002698915
0.9066667 	0.002169583
0.9133333 	0.001640251
0.92 	0.001110919
0.9266667 	0.0005815866
0.9333333 	5.225438e-05
0.94 	4.220925e-05
0.9466667 	3.216413e-05
0.9533333 	2.211901e-05
0.96 	1.207388e-05
0.9666667 	2.028757e-06
0.9733333 	1.641131e-06
0.98 	1.253505e-06
0.9866667 	8.658785e-07
0.9933333 	4.782522e-07
1 	9.0626e-08
1.006667 	7.32e-08
1.013333 	5.5774e-08
1.02 	3.8348e-08
1.026667 	2.0922e-08
1.033333 	3.495994e-09
1.04 	2.798786e-09
1.046667 	2.101577e-09
1.053333 	1.404369e-09
1.06 	7.071612e-10
1.066667 	9.953078e-12
1.073333 	8.074138e-12
1.08 	6.195232e-12
1.086667 	4.316326e-12
1.093333 	2.437421e-12
1.1 	5.58515e-13
1.106667 	4.985433e-13
1.113333 	4.385716e-13
1.12 	3.785999e-13
1.126667 	3.186282e-13
1.133333 	2.586565e-13
1.14 	2.126672e-13
1.146667 	1.666779e-13
1.153333 	1.206886e-13
1.16 	7.469922e-14
1.166667 	2.870989e-14
1.173333 	2.319784e-14
1.18 	1.76858e-14
1.186667 	1.217375e-14
1.193333 	6.661711e-15
1.2 	1.149667e-15
1.206667 	9.214286e-16
1.213333 	6.931902e-16
1.22 	4.649518e-16
1.226667 	2.367134e-16
1.233333 	8.474966e-18
1.24 	6.780837e-18
1.246667 	5.086708e-18
1.253333 	3.392579e-18
1.26 	1.69845e-18
1.266667 	4.320775e-21
1.273333 	3.456583e-21
1.28 	2.592475e-21
1.286667 	1.728367e-21
1.293333 	8.642599e-22
1.3 	1.523513e-25
1.306667 	1.21882e-25
1.313333 	9.141262e-26
1.32 	6.094327e-26
1.326667 	3.047392e-26
1.333333 	4.575347e-30
1.34 	3.660301e-30
1.346667 	2.745254e-30
1.353333 	1.830208e-30
1.36 	9.15162e-31
1.366667 	1.157584e-34
1.373333 	9.257064e-35
1.38 	6.94286e-35
1.386667 	4.628657e-35
1.393333 	2.314453e-35
1.4 	2.494107e-39
1.406667 	1.995295e-39
1.413333 	1.496483e-39
1.42 	9.976709e-40
1.426667 	4.98859e-40
1.433333 	4.715343e-44
1.44 	3.77229e-44
1.446667 	2.829238e-44
1.453333 	1.886185e-44
1.46 	9.431324e-45
1.466667 	7.990009e-49
1.473333 	6.388262e-49
1.48 	4.791231e-49
1.486667 	3.1942e-49
1.493333 	1.597168e-49
1.5 	1.372028e-53
1.506667 	1.097629e-53
1.513333 	8.232287e-54
1.52 	5.488288e-54
1.526667 	2.74429e-54
1.533333 	2.910667e-58
1.54 	2.328552e-58
1.546667 	1.746437e-58
1.553333 	1.164322e-58
1.56 	5.822069e-59
1.566667 	9.183989e-63
1.573333 	7.344933e-63
1.58 	5.508787e-63
1.586667 	3.672642e-63
1.593333 	1.836496e-63
1.6 	3.508979e-67
1.606667 	2.807209e-67
1.613333 	2.105439e-67
1.62 	1.40367e-67
1.626667 	7.018999e-68
1.633333 	1.302339e-71
1.64 	1.04188e-71
1.646667 	7.814207e-72
1.653333 	5.209617e-72
1.66 	2.605026e-72
1.666667 	4.355155e-76
1.673333 	3.483108e-76
1.68 	2.612363e-76
1.686667 	1.741619e-76
1.693333 	8.708743e-77
1.7 	1.29804e-80
1.706667 	1.038439e-80
1.713333 	7.788377e-81
1.72 	5.192367e-81
1.726667 	2.596357e-81
1.733333 	3.475913e-85
1.74 	2.780747e-85
1.746667 	2.085581e-85
1.753333 	1.390416e-85
1.76 	6.952501e-86
1.766667 	8.449921e-90
1.773333 	6.757193e-90
1.78 	5.067942e-90
1.786667 	3.378691e-90
1.793333 	1.689439e-90
1.8 	1.879715e-94
1.806667 	1.50378e-94
1.813333 	1.127845e-94
1.82 	7.519094e-95
1.826667 	3.759741e-95
1.833333 	3.877565e-99
1.84 	3.102067e-99
1.846667 	2.326569e-99
1.853333 	1.551071e-99
1.86 	7.75573e-100
1.866667 	7.487646e-104
1.873333 	5.987042e-104
1.88 	4.490316e-104
1.886667 	2.993589e-104
1.893333 	1.496863e-104
1.9 	1.361384e-108
1.906667 	1.089112e-108
1.913333 	8.168398e-109
1.92 	5.445677e-109
1.926667 	2.722956e-109
1.933333 	2.34755e-113
1.94 	1.878047e-113
1.946667 	1.408545e-113
1.953333 	9.390431e-114
1.96 	4.695408e-114
1.966667 	3.863555e-118
1.973333 	3.088966e-118
1.98 	2.316725e-118
1.986667 	1.544483e-118
1.993333 	7.722415e-119
2 	8.745076e-131
