0 	0.9999988
0.006666667 	0.9999983
0.01333333 	0.9999978
0.02 	0.9999972
0.02666667 	0.9999967
0.03333333 	0.9999962
0.04 	0.9999963
0.04666667 	0.9999964
0.05333333 	0.9999965
0.06 	0.9999967
0.06666667 	0.9999968
0.07333333 	0.9999965
0.08 	0.9999962
0.08666667 	0.999996
0.09333333 	0.9999957
0.1 	0.9999954
0.1066667 	0.9999934
0.1133333 	0.9999914
0.12 	0.9999893
0.1266667 	0.9999873
0.1333333 	0.9999853
0.14 	0.9999856
0.1466667 	0.999986
0.1533333 	0.9999863
0.16 	0.9999867
0.1666667 	0.999987
0.1733333 	0.9999891
0.18 	0.9999911
0.1866667 	0.9999931
0.1933333 	0.9999952
0.2 	0.9999972
0.2066667 	0.9999975
0.2133333 	0.9999978
0.22 	0.9999981
0.2266667 	0.9999984
0.2333333 	0.9999987
0.24 	0.9999984
0.2466667 	0.9999981
0.2533333 	0.9999977
0.26 	0.9999974
0.2666667 	0.9999971
0.2733333 	0.9999974
0.28 	0.9999977
0.2866667 	0.9999981
0.2933333 	0.9999984
0.3 	0.9999988
0.3066667 	0.9999994
0.3133333 	1
0.32 	1.000001
0.3266667 	1.000001
0.3333333 	1.000002
0.34 	1.000002
0.3466667 	1.000002
0.3533333 	1.000002
0.36 	1.000003
0.3666667 	1.000003
0.3733333 	1.000003
0.38 	1.000003
0.3866667 	1.000003
0.3933333 	1.000003
0.4 	1.000003
0.4066667 	1.000002
0.4133333 	1.000002
0.42 	1.000002
0.4266667 	1.000002
0.4333333 	1.000002
0.44 	1.000002
0.4466667 	1.000002
0.4533333 	1.000002
0.46 	1.000001
0.4666667 	1.000001
0.4733333 	1.000001
0.48 	1.000002
0.4866667 	1.000002
0.4933333 	1.000002
0.5 	1.000002
0.5066667 	1.000003
0.5133333 	1.000003
0.52 	1.000004
0.5266667 	1.000004
0.5333333 	1.000005
0.54 	1.000005
0.5466667 	1.000006
0.5533333 	1.000006
0.56 	1.000006
0.5666667 	1.000006
0.5733333 	1.000006
0.58 	1.000007
0.5866667 	1.000007
0.5933333 	1.000007
0.6 	1.000007
0.6066667 	1.000007
0.6133333 	1.000007
0.62 	1.000007
0.6266667 	1.000007
0.6333333 	1.000007
0.64 	1.000006
0.6466667 	1.000006
0.6533333 	1.000006
0.66 	1.000005
0.6666667 	1.000005
0.6733333 	1.000004
0.68 	1.000004
0.6866667 	1.000003
0.6933333 	1.000003
0.7 	1.000002
0.7066667 	1.000002
0.7133333 	1.000001
0.72 	1.000001
0.7266667 	1.000001
0.7333333 	1
0.74 	0.9999981
0.7466667 	0.9999961
0.7533333 	0.999994
0.76 	0.999992
0.7666667 	0.9999899
0.7733333 	0.9999706
0.78 	0.9999513
0.7866667 	0.9999319
0.7933333 	0.9999126
0.8 	0.9998932
0.8066667 	0.9997114
0.8133333 	0.9995296
0.82 	0.9993478
0.8266667 	0.999166
0.8333333 	0.9989842
0.84 	0.9961289
0.8466667 	0.9932735
0.8533333 	0.9904182
0.86 	0.9875628
0.8666667 	0.9847074
0.8733333 	0.9440314
0.88 	0.9033553
0.8866667 	0.8626793
0.8933333 	0.8220032
0.9 	0.7813272
0.9066667 	0.693665
0.9133333 	0.6060029
0.92 	0.5183408
0.9266667 	0.4306786
0.9333333 	0.3430165
0.94 	0.284211
0.9466667 	0.2254055
0.9533333 	0.1666
0.96 	0.1077945
0.9666667 	0.04898906
0.9733333 	0.03952781
0.98 	0.03006657
0.9866667 	0.02060533
0.9933333 	0.01114409
1 	0.001682849
1.006667 	0.001348135
1.013333 	0.001013422
1.02 	0.0006787085
1.026667 	0.0003439951
1.033333 	9.281761e-06
1.04 	7.426591e-06
1.046667 	5.571421e-06
1.053333 	3.716252e-06
1.06 	1.861082e-06
1.066667 	5.912229e-09
1.073333 	4.731509e-09
1.08 	3.550881e-09
1.086667 	2.370254e-09
1.093333 	1.189626e-09
1.1 	8.998783e-12
1.106667 	7.70306e-12
1.113333 	6.407337e-12
1.12 	5.111614e-12
1.126667 	3.815891e-12
1.133333 	2.520169e-12
1.14 	2.143739e-12
1.146667 	1.76731e-12
1.153333 	1.39088e-12
1.16 	1.014451e-12
1.166667 	6.38021e-13
1.173333 	5.44201e-13
1.18 	4.503809e-13
1.186667 	3.565609e-13
1.193333 	2.627409e-13
1.2 	1.689208e-13
1.206667 	1.444017e-13
1.213333 	1.198826e-13
1.22 	9.536352e-14
1.226667 	7.084441e-14
1.233333 	4.63253e-14
1.24 	3.868298e-14
1.246667 	3.104066e-14
1.253333 	2.339835e-14
1.26 	1.575603e-14
1.266667 	8.113711e-15
1.273333 	6.61427e-15
1.28 	5.114829e-15
1.286667 	3.615389e-15
1.293333 	2.115948e-15
1.3 	6.165074e-16
1.306667 	4.96654e-16
1.313333 	3.768007e-16
1.32 	2.569473e-16
1.326667 	1.370939e-16
1.333333 	1.724052e-17
1.34 	1.382629e-17
1.346667 	1.041206e-17
1.353333 	6.997839e-18
1.36 	3.583614e-18
1.366667 	1.693878e-19
1.373333 	1.355949e-19
1.38 	1.018021e-19
1.386667 	6.800934e-20
1.393333 	3.421656e-20
1.4 	4.237829e-22
1.406667 	3.390569e-22
1.413333 	2.543308e-22
1.42 	1.696048e-22
1.426667 	8.487872e-23
1.433333 	1.526853e-25
1.44 	1.221499e-25
1.446667 	9.161453e-26
1.453333 	6.107914e-26
1.46 	3.054376e-26
1.466667 	8.367811e-30
1.473333 	6.693101e-30
1.48 	5.019919e-30
1.486667 	3.346736e-30
1.493333 	1.673553e-30
1.5 	3.700316e-34
1.506667 	2.960281e-34
1.513333 	2.220245e-34
1.52 	1.480209e-34
1.526667 	7.401732e-35
1.533333 	1.375008e-38
1.54 	1.100015e-38
1.546667 	8.250224e-39
1.553333 	5.500298e-39
1.56 	2.750372e-39
1.566667 	4.462502e-43
1.573333 	3.568927e-43
1.58 	2.676728e-43
1.586667 	1.784529e-43
1.593333 	8.923293e-44
1.6 	1.299958e-47
1.606667 	1.039973e-47
1.613333 	7.799887e-48
1.62 	5.20004e-48
1.626667 	2.600193e-48
1.633333 	3.462001e-52
1.64 	2.769618e-52
1.646667 	2.077235e-52
1.653333 	1.384852e-52
1.66 	6.924685e-53
1.666667 	8.520744e-57
1.673333 	6.813865e-57
1.68 	5.110447e-57
1.686667 	3.40703e-57
1.693333 	1.703612e-57
1.7 	1.94277e-61
1.706667 	1.554225e-61
1.713333 	1.165679e-61
1.72 	7.771328e-62
1.726667 	3.885869e-62
1.733333 	4.106875e-66
1.74 	3.285516e-66
1.746667 	2.464157e-66
1.753333 	1.642798e-66
1.76 	8.214394e-67
1.766667 	8.052128e-71
1.773333 	6.438446e-71
1.78 	4.828871e-71
1.786667 	3.219296e-71
1.793333 	1.609722e-71
1.8 	1.465421e-75
1.806667 	1.172342e-75
1.813333 	8.792627e-76
1.82 	5.861835e-76
1.826667 	2.931042e-76
1.833333 	2.491796e-80
1.84 	1.993445e-80
1.846667 	1.495094e-80
1.853333 	9.967425e-81
1.86 	4.983912e-81
1.866667 	3.987986e-85
1.873333 	3.188407e-85
1.88 	2.391321e-85
1.886667 	1.594234e-85
1.893333 	7.971472e-86
1.9 	6.04352e-90
1.906667 	4.834833e-90
1.913333 	3.626147e-90
1.92 	2.417461e-90
1.926667 	1.208774e-90
1.933333 	8.768724e-95
1.94 	7.015004e-95
1.946667 	5.261284e-95
1.953333 	3.507564e-95
1.96 	1.753843e-95
1.966667 	1.230335e-99
1.973333 	9.835728e-100
1.98 	7.376878e-100
1.986667 	4.918027e-100
1.993333 	2.459177e-100
2 	3.263772e-104
