0 	0.9999456
0.006666667 	0.9999479
0.01333333 	0.9999501
0.02 	0.9999524
0.02666667 	0.9999547
0.03333333 	0.9999569
0.04 	0.99996
0.04666667 	0.999963
0.05333333 	0.999966
0.06 	0.9999691
0.06666667 	0.9999721
0.07333333 	0.999973
0.08 	0.9999739
0.08666667 	0.9999748
0.09333333 	0.9999757
0.1 	0.9999766
0.1066667 	0.9999741
0.1133333 	0.9999716
0.12 	0.999969
0.1266667 	0.9999665
0.1333333 	0.999964
0.14 	0.9999598
0.1466667 	0.9999555
0.1533333 	0.9999513
0.16 	0.999947
0.1666667 	0.9999428
0.1733333 	0.9999394
0.18 	0.999936
0.1866667 	0.9999327
0.1933333 	0.9999293
0.2 	0.9999259
0.2066667 	0.9999221
0.2133333 	0.9999182
0.22 	0.9999144
0.2266667 	0.9999106
0.2333333 	0.9999067
0.24 	0.999908
0.2466667 	0.9999092
0.2533333 	0.9999104
0.26 	0.9999116
0.2666667 	0.9999128
0.2733333 	0.9999213
0.28 	0.9999297
0.2866667 	0.9999382
0.2933333 	0.9999467
0.3 	0.9999552
0.3066667 	0.9999616
0.3133333 	0.999968
0.32 	0.9999744
0.3266667 	0.9999808
0.3333333 	0.9999871
0.34 	0.9999864
0.3466667 	0.9999857
0.3533333 	0.999985
0.36 	0.9999842
0.3666667 	0.9999835
0.3733333 	0.9999757
0.38 	0.999968
0.3866667 	0.9999602
0.3933333 	0.9999524
0.4 	0.9999446
0.4066667 	0.9999376
0.4133333 	0.9999306
0.42 	0.9999236
0.4266667 	0.9999166
0.4333333 	0.9999096
0.44 	0.9999153
0.4466667 	0.999921
0.4533333 	0.9999266
0.46 	0.9999323
0.4666667 	0.9999379
0.4733333 	0.9999471
0.48 	0.9999563
0.4866667 	0.9999655
0.4933333 	0.9999746
0.5 	0.9999838
0.5066667 	0.9999863
0.5133333 	0.9999887
0.52 	0.9999912
0.5266667 	0.9999937
0.5333333 	0.9999961
0.54 	0.9999942
0.5466667 	0.9999923
0.5533333 	0.9999904
0.56 	0.9999885
0.5666667 	0.9999866
0.5733333 	0.9999817
0.58 	0.9999768
0.5866667 	0.999972
0.5933333 	0.9999671
0.6 	0.9999622
0.6066667 	0.9999594
0.6133333 	0.9999567
0.62 	0.9999539
0.6266667 	0.9999511
0.6333333 	0.9999483
0.64 	0.9999523
0.6466667 	0.9999562
0.6533333 	0.9999601
0.66 	0.999964
0.6666667 	0.9999679
0.6733333 	0.9999725
0.68 	0.9999771
0.6866667 	0.9999817
0.6933333 	0.9999863
0.7 	0.9999909
0.7066667 	0.9999629
0.7133333 	0.9999348
0.72 	0.9999067
0.7266667 	0.9998786
0.7333333 	0.9998505
0.74 	0.9975334
0.7466667 	0.9952162
0.7533333 	0.9928991
0.76 	0.9905819
0.7666667 	0.9882648
0.7733333 	0.9541697
0.78 	0.9200747
0.7866667 	0.8859796
0.7933333 	0.8518845
0.8 	0.8177895
0.8066667 	0.7294949
0.8133333 	0.6412003
0.82 	0.5529057
0.8266667 	0.4646111
0.8333333 	0.3763165
0.84 	0.3106718
0.8466667 	0.245027
0.8533333 	0.1793823
0.86 	0.1137376
0.8666667 	0.04809289
0.8733333 	0.03870772
0.88 	0.02932254
0.8866667 	0.01993736
0.8933333 	0.01055219
0.9 	0.001167014
0.9066667 	0.0009361969
0.9133333 	0.0007053798
0.92 	0.0004745626
0.9266667 	0.0002437454
0.9333333 	1.292822e-05
0.94 	1.03723e-05
0.9466667 	7.816379e-06
0.9533333 	5.260459e-06
0.96 	2.70454e-06
0.9666667 	1.486202e-07
0.9733333 	1.198058e-07
0.98 	9.099152e-08
0.9866667 	6.217721e-08
0.9933333 	3.33629e-08
1 	4.548593e-09
1.006667 	3.650661e-09
1.013333 	2.752729e-09
1.02 	1.854798e-09
1.026667 	9.568659e-10
1.033333 	5.893432e-11
1.04 	4.719974e-11
1.046667 	3.546516e-11
1.053333 	2.373058e-11
1.06 	1.199601e-11
1.066667 	2.614276e-13
1.073333 	2.091917e-13
1.08 	1.569564e-13
1.086667 	1.047211e-13
1.093333 	5.248585e-14
1.1 	2.505575e-16
1.106667 	2.012779e-16
1.113333 	1.519983e-16
1.12 	1.027186e-16
1.126667 	5.343899e-17
1.133333 	4.159351e-18
1.14 	3.423967e-18
1.146667 	2.688583e-18
1.153333 	1.953199e-18
1.16 	1.217814e-18
1.166667 	4.8243e-19
1.173333 	4.020908e-19
1.18 	3.217516e-19
1.186667 	2.414125e-19
1.193333 	1.610733e-19
1.2 	8.073419e-20
1.206667 	6.741449e-20
1.213333 	5.409479e-20
1.22 	4.07751e-20
1.226667 	2.74554e-20
1.233333 	1.413571e-20
1.24 	1.158419e-20
1.246667 	9.032681e-21
1.253333 	6.481167e-21
1.26 	3.929654e-21
1.266667 	1.37814e-21
1.273333 	1.114666e-21
1.28 	8.51193e-22
1.286667 	5.877196e-22
1.293333 	3.242462e-22
1.3 	6.077276e-23
1.306667 	4.876854e-23
1.313333 	3.676432e-23
1.32 	2.47601e-23
1.326667 	1.275587e-23
1.333333 	7.516526e-25
1.34 	6.016359e-25
1.346667 	4.516191e-25
1.353333 	3.016024e-25
1.36 	1.515857e-25
1.366667 	1.568912e-27
1.373333 	1.255208e-27
1.38 	9.415128e-28
1.386667 	6.278172e-28
1.393333 	3.141216e-28
1.4 	4.260008e-31
1.406667 	3.408065e-31
1.413333 	2.556122e-31
1.42 	1.70418e-31
1.426667 	8.522369e-32
1.433333 	2.942201e-35
1.44 	2.353797e-35
1.446667 	1.765393e-35
1.453333 	1.176989e-35
1.46 	5.885852e-36
1.466667 	1.811255e-39
1.473333 	1.448787e-39
1.48 	1.086614e-39
1.486667 	7.244403e-40
1.493333 	3.622668e-40
1.5 	9.331793e-44
1.506667 	7.465515e-44
1.513333 	5.599236e-44
1.52 	3.732957e-44
1.526667 	1.866679e-44
1.533333 	4.002526e-48
1.54 	3.20205e-48
1.546667 	2.401574e-48
1.553333 	1.601097e-48
1.56 	8.006208e-49
1.566667 	1.445018e-52
1.573333 	1.155703e-52
1.58 	8.667883e-53
1.586667 	5.778738e-53
1.593333 	2.889593e-53
1.6 	4.481188e-57
1.606667 	3.584974e-57
1.613333 	2.688761e-57
1.62 	1.792548e-57
1.626667 	8.963352e-58
1.633333 	1.221295e-61
1.64 	9.770418e-62
1.646667 	7.327888e-62
1.653333 	4.885358e-62
1.66 	2.442828e-62
1.666667 	2.97546e-66
1.673333 	2.379404e-66
1.68 	1.784569e-66
1.686667 	1.189735e-66
1.693333 	5.949002e-67
1.7 	6.555736e-71
1.706667 	5.244615e-71
1.713333 	3.933494e-71
1.72 	2.622373e-71
1.726667 	1.311253e-71
1.733333 	1.32086e-75
1.74 	1.056693e-75
1.746667 	7.92526e-76
1.753333 	5.283588e-76
1.76 	2.641917e-76
1.766667 	2.455337e-80
1.773333 	1.963222e-80
1.78 	1.472427e-80
1.786667 	9.816321e-81
1.793333 	4.908373e-81
1.8 	4.243843e-85
1.806667 	3.395088e-85
1.813333 	2.546333e-85
1.82 	1.697578e-85
1.826667 	8.488236e-86
1.833333 	6.887236e-90
1.84 	5.50981e-90
1.846667 	4.132384e-90
1.853333 	2.754958e-90
1.86 	1.377532e-90
1.866667 	1.058354e-94
1.873333 	8.461357e-95
1.88 	6.346056e-95
1.886667 	4.230756e-95
1.893333 	2.115455e-95
1.9 	1.54718e-99
1.906667 	1.237748e-99
1.913333 	9.283167e-100
1.92 	6.18885e-100
1.926667 	3.094533e-100
1.933333 	2.16378e-104
1.94 	1.73103e-104
1.946667 	1.298279e-104
1.953333 	8.655293e-105
1.96 	4.327792e-105
1.966667 	2.903988e-109
1.973333 	2.321473e-109
1.98 	1.741122e-109
1.986667 	1.160771e-109
1.993333 	5.804195e-110
2 	6.829282e-114
