0 	1.000003
0.006666667 	1.000003
0.01333333 	1.000003
0.02 	1.000003
0.02666667 	1.000003
0.03333333 	1.000004
0.04 	1.000004
0.04666667 	1.000004
0.05333333 	1.000004
0.06 	1.000004
0.06666667 	1.000004
0.07333333 	1.000004
0.08 	1.000004
0.08666667 	1.000004
0.09333333 	1.000004
0.1 	1.000004
0.1066667 	1.000004
0.1133333 	1.000004
0.12 	1.000004
0.1266667 	1.000004
0.1333333 	1.000004
0.14 	1.000004
0.1466667 	1.000004
0.1533333 	1.000004
0.16 	1.000004
0.1666667 	1.000004
0.1733333 	1.000004
0.18 	1.000003
0.1866667 	1.000003
0.1933333 	1.000003
0.2 	1.000003
0.2066667 	1.000003
0.2133333 	1.000003
0.22 	1.000003
0.2266667 	1.000003
0.2333333 	1.000003
0.24 	1.000004
0.2466667 	1.000004
0.2533333 	1.000004
0.26 	1.000004
0.2666667 	1.000004
0.2733333 	1.000004
0.28 	1.000004
0.2866667 	1.000004
0.2933333 	1.000004
0.3 	1.000004
0.3066667 	1.000003
0.3133333 	1.000003
0.32 	1.000003
0.3266667 	1.000003
0.3333333 	1.000003
0.34 	1.000003
0.3466667 	1.000003
0.3533333 	1.000003
0.36 	1.000003
0.3666667 	1.000003
0.3733333 	1.000003
0.38 	1.000003
0.3866667 	1.000003
0.3933333 	1.000003
0.4 	1.000003
0.4066667 	1.000003
0.4133333 	1.000003
0.42 	1.000003
0.4266667 	1.000003
0.4333333 	1.000003
0.44 	1.000003
0.4466667 	1.000002
0.4533333 	1.000002
0.46 	1.000002
0.4666667 	1.000002
0.4733333 	1.000002
0.48 	1.000002
0.4866667 	1.000002
0.4933333 	1.000002
0.5 	1.000002
0.5066667 	1.000002
0.5133333 	1.000002
0.52 	1.000002
0.5266667 	1.000002
0.5333333 	1.000002
0.54 	1.000002
0.5466667 	1.000002
0.5533333 	1.000002
0.56 	1.000002
0.5666667 	1.000002
0.5733333 	1.000002
0.58 	1.000002
0.5866667 	1.000002
0.5933333 	1.000002
0.6 	1.000002
0.6066667 	1.000002
0.6133333 	1.000002
0.62 	1.000002
0.6266667 	1.000001
0.6333333 	1.000001
0.64 	1.000001
0.6466667 	1.000001
0.6533333 	1.000001
0.66 	1.000001
0.6666667 	1.000001
0.6733333 	1.000001
0.68 	1.000001
0.6866667 	1.000001
0.6933333 	1.000001
0.7 	1.000001
0.7066667 	1.000001
0.7133333 	1.000001
0.72 	1.000001
0.7266667 	1.000001
0.7333333 	1.000001
0.74 	1.000001
0.7466667 	1.000001
0.7533333 	1.000001
0.76 	1.000001
0.7666667 	1.000001
0.7733333 	1.000001
0.78 	1
0.7866667 	1
0.7933333 	0.9999998
0.8 	0.9999996
0.8066667 	0.9984864
0.8133333 	0.9969733
0.82 	0.9954601
0.8266667 	0.9939469
0.8333333 	0.9924338
0.84 	0.8924342
0.8466667 	0.7924347
0.8533333 	0.6924352
0.86 	0.5924357
0.8666667 	0.4924362
0.8733333 	0.3939494
0.88 	0.2954625
0.8866667 	0.1969756
0.8933333 	0.09848879
0.9 	1.929731e-06
0.9066667 	1.543785e-06
0.9133333 	1.157839e-06
0.92 	7.718925e-07
0.9266667 	3.859464e-07
0.9333333 	2.053208e-13
0.94 	1.642566e-13
0.9466667 	1.231925e-13
0.9533333 	8.21283e-14
0.96 	4.106415e-14
0.9666667 	2.151406e-21
0.9733333 	1.55688e-21
0.98 	1.16766e-21
0.9866667 	7.784398e-22
0.9933333 	3.892199e-22
1 	5.910056e-31
1.006667 	4.728045e-31
1.013333 	3.546033e-31
1.02 	2.364022e-31
1.026667 	1.182011e-31
1.033333 	1.488813e-40
1.04 	1.19105e-40
1.046667 	8.932875e-41
1.053333 	5.95525e-41
1.06 	2.977625e-41
1.066667 	1.489394e-48
1.073333 	4.706415e-52
1.08 	3.529811e-52
1.086667 	2.353208e-52
1.093333 	1.176604e-52
1.1 	8.897069e-62
1.106667 	7.117655e-62
1.113333 	5.338241e-62
1.12 	3.558828e-62
1.126667 	1.779414e-62
1.133333 	2.260299e-70
1.14 	1.808239e-70
1.146667 	1.356179e-70
1.153333 	9.041196e-71
1.16 	4.520598e-71
1.166667 	2.410603e-78
1.173333 	1.202469e-79
1.18 	9.018517e-80
1.186667 	6.012345e-80
1.193333 	3.006172e-80
1.2 	2.486998e-88
1.206667 	1.989598e-88
1.213333 	1.492199e-88
1.22 	9.94799e-89
1.226667 	4.973995e-89
1.233333 	3.274074e-97
1.24 	2.619259e-97
1.246667 	1.964445e-97
1.253333 	1.30963e-97
1.26 	6.548149e-98
1.266667 	3.274079e-105
1.273333 	-8.684847e-150
1.28 	-6.513634e-150
1.286667 	-4.342421e-150
1.293333 	-2.171208e-150
1.3 	4.754234e-156
1.306667 	3.803388e-156
1.313333 	2.852541e-156
1.32 	1.901694e-156
1.326667 	9.508469e-157
1.333333 	1.034549e-168
1.34 	8.276395e-169
1.346667 	6.207296e-169
1.353333 	4.138197e-169
1.36 	2.069099e-169
1.366667 	1.034554e-176
1.373333 	9.765393e-189
1.38 	7.324045e-189
1.386667 	4.882696e-189
1.393333 	2.441348e-189
1.4 	5.693851e-202
1.406667 	1.540048e-205
1.413333 	1.155036e-205
1.42 	7.700242e-206
1.426667 	3.850121e-206
1.433333 	1.239935e-212
1.44 	9.919479e-213
1.446667 	7.439609e-213
1.453333 	4.95974e-213
1.46 	2.47987e-213
1.466667 	1.239943e-220
1.473333 	3.3391e-285
1.48 	2.504325e-285
1.486667 	1.66955e-285
1.493333 	8.347752e-286
1.5 	2.273383e-292
1.506667 	1.818704e-292
1.513333 	1.364028e-292
1.52 	9.09352e-293
1.526667 	4.546761e-293
1.533333 	1.318677e-299
1.54 	1.054941e-299
1.546667 	7.91206e-300
1.553333 	5.274707e-300
1.56 	2.637354e-300
1.566667 	5.261528e-307
1.573333 	3.15427e-307
1.58 	2.365703e-307
1.586667 	1.577135e-307
1.593333 	7.885676e-308
1.6 	2.621417e-315
1.606667 	2.097098e-315
1.613333 	1.572824e-315
1.62 	1.048549e-315
1.626667 	5.242745e-316
1.633333 	3.952525e-323
1.64 	3.45846e-323
1.646667 	2.470328e-323
1.653333 	1.976263e-323
1.66 	9.881313e-324
1.666667 	0
1.673333 	0
1.68 	0
1.686667 	0
1.693333 	0
1.7 	0
1.706667 	0
1.713333 	0
1.72 	0
1.726667 	0
1.733333 	0
1.74 	0
1.746667 	0
1.753333 	0
1.76 	0
1.766667 	0
1.773333 	0
1.78 	0
1.786667 	0
1.793333 	0
1.8 	0
1.806667 	0
1.813333 	0
1.82 	0
1.826667 	0
1.833333 	0
1.84 	0
1.846667 	0
1.853333 	0
1.86 	0
1.866667 	0
1.873333 	0
1.88 	0
1.886667 	0
1.893333 	0
1.9 	0
1.906667 	0
1.913333 	0
1.92 	0
1.926667 	0
1.933333 	0
1.94 	0
1.946667 	0
1.953333 	0
1.96 	0
1.966667 	0
1.973333 	0
1.98 	0
1.986667 	0
1.993333 	0
2 	0
