0 	0.9999498
0.006666667 	0.999949
0.01333333 	0.9999482
0.02 	0.9999474
0.02666667 	0.9999466
0.03333333 	0.9999457
0.04 	0.9999451
0.04666667 	0.9999444
0.05333333 	0.9999437
0.06 	0.9999431
0.06666667 	0.9999424
0.07333333 	0.9999401
0.08 	0.9999377
0.08666667 	0.9999354
0.09333333 	0.9999331
0.1 	0.9999307
0.1066667 	0.9999306
0.1133333 	0.9999304
0.12 	0.9999302
0.1266667 	0.99993
0.1333333 	0.9999298
0.14 	0.9999335
0.1466667 	0.9999371
0.1533333 	0.9999408
0.16 	0.9999444
0.1666667 	0.999948
0.1733333 	0.9999489
0.18 	0.9999497
0.1866667 	0.9999506
0.1933333 	0.9999514
0.2 	0.9999523
0.2066667 	0.99995
0.2133333 	0.9999476
0.22 	0.9999453
0.2266667 	0.999943
0.2333333 	0.9999407
0.24 	0.9999408
0.2466667 	0.9999408
0.2533333 	0.9999409
0.26 	0.999941
0.2666667 	0.999941
0.2733333 	0.9999448
0.28 	0.9999486
0.2866667 	0.9999524
0.2933333 	0.9999562
0.3 	0.99996
0.3066667 	0.9999632
0.3133333 	0.9999664
0.32 	0.9999696
0.3266667 	0.9999728
0.3333333 	0.999976
0.34 	0.9999755
0.3466667 	0.999975
0.3533333 	0.9999744
0.36 	0.9999739
0.3666667 	0.9999734
0.3733333 	0.9999687
0.38 	0.9999639
0.3866667 	0.9999591
0.3933333 	0.9999544
0.4 	0.9999496
0.4066667 	0.999941
0.4133333 	0.9999323
0.42 	0.9999237
0.4266667 	0.999915
0.4333333 	0.9999064
0.44 	0.9999044
0.4466667 	0.9999024
0.4533333 	0.9999004
0.46 	0.9998984
0.4666667 	0.9998965
0.4733333 	0.9999079
0.48 	0.9999193
0.4866667 	0.9999307
0.4933333 	0.9999421
0.5 	0.9999535
0.5066667 	0.9999624
0.5133333 	0.9999714
0.52 	0.9999803
0.5266667 	0.9999893
0.5333333 	0.9999983
0.54 	0.999999
0.5466667 	0.9999998
0.5533333 	1
0.56 	1.000001
0.5666667 	1.000002
0.5733333 	0.9999985
0.58 	0.999995
0.5866667 	0.9999915
0.5933333 	0.999988
0.6 	0.9999844
0.6066667 	0.9999786
0.6133333 	0.9999728
0.62 	0.999967
0.6266667 	0.9999612
0.6333333 	0.9999554
0.64 	0.9999579
0.6466667 	0.9999603
0.6533333 	0.9999628
0.66 	0.9999652
0.6666667 	0.9999677
0.6733333 	0.9999736
0.68 	0.9999794
0.6866667 	0.9999853
0.6933333 	0.9999911
0.7 	0.999997
0.7066667 	0.9999936
0.7133333 	0.9999902
0.72 	0.9999867
0.7266667 	0.9999833
0.7333333 	0.9999799
0.74 	0.9992268
0.7466667 	0.9984737
0.7533333 	0.9977206
0.76 	0.9969675
0.7666667 	0.9962144
0.7733333 	0.9775373
0.78 	0.9588602
0.7866667 	0.9401831
0.7933333 	0.921506
0.8 	0.9028289
0.8066667 	0.822582
0.8133333 	0.7423351
0.82 	0.6620882
0.8266667 	0.5818413
0.8333333 	0.5015945
0.84 	0.4207496
0.8466667 	0.3399048
0.8533333 	0.2590599
0.86 	0.1782151
0.8666667 	0.09737022
0.8733333 	0.07838168
0.88 	0.05939314
0.8866667 	0.0404046
0.8933333 	0.02141605
0.9 	0.00242751
0.9066667 	0.001953803
0.9133333 	0.001480096
0.92 	0.00100639
0.9266667 	0.0005326829
0.9333333 	5.897623e-05
0.94 	4.751668e-05
0.9466667 	3.605712e-05
0.9533333 	2.459757e-05
0.96 	1.313802e-05
0.9666667 	1.678462e-06
0.9733333 	1.344714e-06
0.98 	1.010966e-06
0.9866667 	6.772179e-07
0.9933333 	3.4347e-07
1 	9.722151e-09
1.006667 	7.77812e-09
1.013333 	5.834089e-09
1.02 	3.890059e-09
1.026667 	1.946028e-09
1.033333 	1.997818e-12
1.04 	1.598266e-12
1.046667 	1.198714e-12
1.053333 	7.991617e-13
1.06 	3.996097e-13
1.066667 	5.775393e-17
1.073333 	4.618795e-17
1.08 	3.464196e-17
1.086667 	2.309596e-17
1.093333 	1.154997e-17
1.1 	3.969845e-21
1.106667 	3.175892e-21
1.113333 	2.381938e-21
1.12 	1.587985e-21
1.126667 	7.94031e-22
1.133333 	7.749731e-26
1.14 	6.199808e-26
1.146667 	4.649885e-26
1.153333 	3.099962e-26
1.16 	1.550038e-26
1.166667 	1.152355e-30
1.173333 	9.212671e-31
1.18 	6.90954e-31
1.186667 	4.606409e-31
1.193333 	2.303279e-31
1.2 	1.477381e-35
1.206667 	1.181908e-35
1.213333 	8.86435e-36
1.22 	5.909622e-36
1.226667 	2.954894e-36
1.233333 	1.662421e-40
1.24 	1.32994e-40
1.246667 	9.974594e-41
1.253333 	6.649785e-41
1.26 	3.324976e-41
1.266667 	1.666805e-45
1.273333 	1.332117e-45
1.28 	9.990917e-46
1.286667 	6.660662e-46
1.293333 	3.330406e-46
1.3 	1.506764e-50
1.306667 	1.205414e-50
1.313333 	9.040633e-51
1.32 	6.02713e-51
1.326667 	3.013628e-51
1.333333 	1.251118e-55
1.34 	1.000896e-55
1.346667 	7.506746e-56
1.353333 	5.00453e-56
1.36 	2.502313e-56
1.366667 	9.640272e-61
1.373333 	7.702222e-61
1.38 	5.776684e-61
1.386667 	3.851146e-61
1.393333 	1.925608e-61
1.4 	6.947617e-66
1.406667 	5.558103e-66
1.413333 	4.168589e-66
1.42 	2.779075e-66
1.426667 	1.389561e-66
1.433333 	4.735651e-71
1.44 	3.788527e-71
1.446667 	2.841403e-71
1.453333 	1.894279e-71
1.46 	9.471546e-72
1.466667 	3.062864e-76
1.473333 	2.446506e-76
1.48 	1.834884e-76
1.486667 	1.223262e-76
1.493333 	6.116406e-77
1.5 	1.874573e-81
1.506667 	1.499661e-81
1.513333 	1.124748e-81
1.52 	7.498358e-82
1.526667 	3.749234e-82
1.533333 	1.092647e-86
1.54 	8.741188e-87
1.546667 	6.555906e-87
1.553333 	4.370625e-87
1.56 	2.185343e-87
1.566667 	6.071321e-92
1.573333 	4.848322e-92
1.58 	3.63625e-92
1.586667 	2.424177e-92
1.593333 	1.212105e-92
1.6 	3.198638e-97
1.606667 	2.558914e-97
1.613333 	1.919189e-97
1.62 	1.279465e-97
1.626667 	6.397405e-98
1.633333 	1.606823e-102
1.64 	1.28546e-102
1.646667 	9.640971e-103
1.653333 	6.42734e-103
1.66 	3.213708e-103
1.666667 	7.709311e-108
1.673333 	6.154601e-108
1.68 	4.61596e-108
1.686667 	3.077318e-108
1.693333 	1.538677e-108
1.7 	3.51492e-113
1.706667 	2.811939e-113
1.713333 	2.108958e-113
1.72 	1.405977e-113
1.726667 	7.029963e-114
1.733333 	1.53376e-118
1.74 	1.227009e-118
1.746667 	9.202584e-119
1.753333 	6.135077e-119
1.76 	3.067571e-119
1.766667 	6.417649e-124
1.773333 	5.121854e-124
1.78 	3.841397e-124
1.786667 	2.56094e-124
1.793333 	1.280483e-124
1.8 	2.562579e-129
1.806667 	2.050064e-129
1.813333 	1.53755e-129
1.82 	1.025035e-129
1.826667 	5.125202e-130
1.833333 	5.522857e-135
1.84 	3.489141e-135
1.846667 	1.455424e-135
1.853333 	-5.782919e-136
1.86 	-2.612008e-135
1.866667 	-4.645724e-135
1.873333 	-3.793706e-135
1.88 	-2.941688e-135
1.886667 	-2.08967e-135
1.893333 	-1.237652e-135
1.9 	-3.856339e-136
1.906667 	-3.121453e-136
1.913333 	-2.386568e-136
1.92 	-1.651683e-136
1.926667 	-9.167973e-137
1.933333 	-1.81912e-137
1.94 	-1.469254e-137
1.946667 	-1.119387e-137
1.953333 	-7.695208e-138
1.96 	-4.196544e-138
1.966667 	-6.978802e-139
1.973333 	-5.678085e-139
1.98 	-4.37737e-139
1.986667 	-3.076654e-139
1.993333 	-1.775939e-139
2 	-4.752238e-140
