0 	0.9999429
0.006666667 	0.9999445
0.01333333 	0.9999461
0.02 	0.9999477
0.02666667 	0.9999493
0.03333333 	0.9999509
0.04 	0.999954
0.04666667 	0.9999572
0.05333333 	0.9999603
0.06 	0.9999634
0.06666667 	0.9999666
0.07333333 	0.9999689
0.08 	0.9999712
0.08666667 	0.9999735
0.09333333 	0.9999758
0.1 	0.9999781
0.1066667 	0.9999774
0.1133333 	0.9999768
0.12 	0.9999761
0.1266667 	0.9999754
0.1333333 	0.9999748
0.14 	0.9999712
0.1466667 	0.9999677
0.1533333 	0.9999641
0.16 	0.9999606
0.1666667 	0.9999571
0.1733333 	0.999953
0.18 	0.9999489
0.1866667 	0.9999448
0.1933333 	0.9999407
0.2 	0.9999366
0.2066667 	0.9999323
0.2133333 	0.9999281
0.22 	0.9999238
0.2266667 	0.9999195
0.2333333 	0.9999153
0.24 	0.9999144
0.2466667 	0.9999135
0.2533333 	0.9999126
0.26 	0.9999117
0.2666667 	0.9999108
0.2733333 	0.999917
0.28 	0.9999231
0.2866667 	0.9999293
0.2933333 	0.9999354
0.3 	0.9999416
0.3066667 	0.9999492
0.3133333 	0.9999568
0.32 	0.9999645
0.3266667 	0.9999721
0.3333333 	0.9999797
0.34 	0.999982
0.3466667 	0.9999843
0.3533333 	0.9999866
0.36 	0.9999889
0.3666667 	0.9999911
0.3733333 	0.9999861
0.38 	0.9999811
0.3866667 	0.9999761
0.3933333 	0.999971
0.4 	0.999966
0.4066667 	0.9999549
0.4133333 	0.9999437
0.42 	0.9999326
0.4266667 	0.9999214
0.4333333 	0.9999103
0.44 	0.9999057
0.4466667 	0.9999011
0.4533333 	0.9998965
0.46 	0.9998919
0.4666667 	0.9998872
0.4733333 	0.9998961
0.48 	0.999905
0.4866667 	0.9999139
0.4933333 	0.9999228
0.5 	0.9999317
0.5066667 	0.9999415
0.5133333 	0.9999514
0.52 	0.9999612
0.5266667 	0.999971
0.5333333 	0.9999809
0.54 	0.999984
0.5466667 	0.9999872
0.5533333 	0.9999903
0.56 	0.9999935
0.5666667 	0.9999967
0.5733333 	0.9999948
0.58 	0.999993
0.5866667 	0.9999911
0.5933333 	0.9999893
0.6 	0.9999874
0.6066667 	0.9999821
0.6133333 	0.9999768
0.62 	0.9999715
0.6266667 	0.9999661
0.6333333 	0.9999608
0.64 	0.9999577
0.6466667 	0.9999546
0.6533333 	0.9999516
0.66 	0.9999485
0.6666667 	0.9999454
0.6733333 	0.9999495
0.68 	0.9999536
0.6866667 	0.9999577
0.6933333 	0.9999618
0.7 	0.9999659
0.7066667 	0.9999699
0.7133333 	0.999974
0.72 	0.999978
0.7266667 	0.9999821
0.7333333 	0.9999861
0.74 	0.9999806
0.7466667 	0.9999751
0.7533333 	0.9999696
0.76 	0.9999641
0.7666667 	0.9999586
0.7733333 	0.999888
0.78 	0.9998174
0.7866667 	0.9997468
0.7933333 	0.9996762
0.8 	0.9996057
0.8066667 	0.9986148
0.8133333 	0.9976239
0.82 	0.996633
0.8266667 	0.9956422
0.8333333 	0.9946513
0.84 	0.9728556
0.8466667 	0.9510599
0.8533333 	0.9292642
0.86 	0.9074685
0.8666667 	0.8856727
0.8733333 	0.8056191
0.88 	0.7255654
0.8866667 	0.6455118
0.8933333 	0.5654581
0.9 	0.4854045
0.9066667 	0.4083673
0.9133333 	0.3313301
0.92 	0.2542929
0.9266667 	0.1772557
0.9333333 	0.1002185
0.94 	0.08128122
0.9466667 	0.06234391
0.9533333 	0.04340659
0.96 	0.02446928
0.9666667 	0.005531964
0.9733333 	0.004436752
0.98 	0.003341539
0.9866667 	0.002246326
0.9933333 	0.001151113
1 	5.590052e-05
1.006667 	4.473352e-05
1.013333 	3.356652e-05
1.02 	2.239952e-05
1.026667 	1.123252e-05
1.033333 	6.551684e-08
1.04 	5.241496e-08
1.046667 	3.931308e-08
1.053333 	2.62112e-08
1.06 	1.310932e-08
1.066667 	7.444631e-12
1.073333 	5.968277e-12
1.08 	4.492579e-12
1.086667 	3.01688e-12
1.093333 	1.541182e-12
1.1 	6.548349e-14
1.106667 	5.264486e-14
1.113333 	3.980622e-14
1.12 	2.696759e-14
1.126667 	1.412896e-14
1.133333 	1.290328e-15
1.14 	1.033578e-15
1.146667 	7.768278e-16
1.153333 	5.200775e-16
1.16 	2.633272e-16
1.166667 	6.576905e-18
1.173333 	5.314558e-18
1.18 	4.052225e-18
1.186667 	2.789891e-18
1.193333 	1.527557e-18
1.2 	2.652227e-19
1.206667 	2.244298e-19
1.213333 	1.836369e-19
1.22 	1.428439e-19
1.226667 	1.02051e-19
1.233333 	6.125807e-20
1.24 	5.148053e-20
1.246667 	4.170299e-20
1.253333 	3.192545e-20
1.26 	2.214791e-20
1.266667 	1.237038e-20
1.273333 	1.016838e-20
1.28 	7.966389e-21
1.286667 	5.764396e-21
1.293333 	3.562402e-21
1.3 	1.360408e-21
1.306667 	1.09945e-21
1.313333 	8.384911e-22
1.32 	5.775325e-22
1.326667 	3.165738e-22
1.333333 	5.561517e-23
1.34 	4.460277e-23
1.346667 	3.359036e-23
1.353333 	2.257796e-23
1.36 	1.156556e-23
1.366667 	5.53157e-25
1.373333 	4.427019e-25
1.38 	3.322472e-25
1.386667 	2.217926e-25
1.393333 	1.113379e-25
1.4 	8.833106e-28
1.406667 	7.066798e-28
1.413333 	5.30049e-28
1.42 	3.534183e-28
1.426667 	1.767875e-28
1.433333 	1.567656e-31
1.44 	1.25414e-31
1.446667 	9.406244e-32
1.453333 	6.271085e-32
1.46 	3.135926e-32
1.466667 	7.666148e-36
1.473333 	6.131733e-36
1.48 	4.598886e-36
1.486667 	3.066038e-36
1.493333 	1.533191e-36
1.5 	3.432709e-40
1.506667 	2.746196e-40
1.513333 	2.059683e-40
1.52 	1.373171e-40
1.526667 	6.866578e-41
1.533333 	1.450724e-44
1.54 	1.160591e-44
1.546667 	8.704584e-45
1.553333 	5.803254e-45
1.56 	2.901924e-45
1.566667 	5.933951e-49
1.573333 	4.746048e-49
1.58 	3.559596e-49
1.586667 	2.373143e-49
1.593333 	1.186691e-49
1.6 	2.380318e-53
1.606667 	1.904273e-53
1.613333 	1.428228e-53
1.62 	9.521831e-54
1.626667 	4.761381e-54
1.633333 	9.318351e-58
1.64 	7.454751e-58
1.646667 	5.59115e-58
1.653333 	3.72755e-58
1.66 	1.863949e-58
1.666667 	3.486989e-62
1.673333 	2.78887e-62
1.68 	2.091683e-62
1.686667 	1.394496e-62
1.693333 	6.973091e-63
1.7 	1.219547e-66
1.706667 	9.756456e-67
1.713333 	7.31744e-67
1.72 	4.878425e-67
1.726667 	2.439409e-67
1.733333 	3.930707e-71
1.74 	3.144588e-71
1.746667 	2.35847e-71
1.753333 	1.572352e-71
1.76 	7.862342e-72
1.766667 	1.16151e-75
1.773333 	9.288996e-76
1.78 	6.966826e-76
1.786667 	4.644656e-76
1.793333 	2.322485e-76
1.8 	3.152156e-80
1.806667 	2.521741e-80
1.813333 	1.891325e-80
1.82 	1.26091e-80
1.826667 	6.304944e-81
1.833333 	7.908817e-85
1.84 	6.32709e-85
1.846667 	4.745364e-85
1.853333 	3.163638e-85
1.86 	1.581911e-85
1.866667 	1.849199e-89
1.873333 	1.478735e-89
1.88 	1.109061e-89
1.886667 	7.393878e-90
1.893333 	3.697142e-90
1.9 	4.05637e-94
1.906667 	3.245113e-94
1.913333 	2.433856e-94
1.92 	1.622598e-94
1.926667 	8.113413e-95
1.933333 	8.42169e-99
1.94 	6.737385e-99
1.946667 	5.053081e-99
1.953333 	3.368776e-99
1.96 	1.684471e-99
1.966667 	1.668069e-103
1.973333 	1.333793e-103
1.98 	1.00036e-103
1.986667 	6.669274e-104
1.993333 	3.334943e-104
2 	6.132414e-108
