0 	1.000003
0.006666667 	1.000003
0.01333333 	1.000003
0.02 	1.000004
0.02666667 	1.000004
0.03333333 	1.000004
0.04 	1.000004
0.04666667 	1.000004
0.05333333 	1.000004
0.06 	1.000004
0.06666667 	1.000004
0.07333333 	1.000004
0.08 	1.000004
0.08666667 	1.000004
0.09333333 	1.000003
0.1 	1.000003
0.1066667 	1.000003
0.1133333 	1.000003
0.12 	1.000004
0.1266667 	1.000004
0.1333333 	1.000004
0.14 	1.000004
0.1466667 	1.000004
0.1533333 	1.000004
0.16 	1.000004
0.1666667 	1.000004
0.1733333 	1.000004
0.18 	1.000004
0.1866667 	1.000003
0.1933333 	1.000003
0.2 	1.000003
0.2066667 	1.000003
0.2133333 	1.000003
0.22 	1.000003
0.2266667 	1.000003
0.2333333 	1.000003
0.24 	1.000003
0.2466667 	1.000004
0.2533333 	1.000004
0.26 	1.000004
0.2666667 	1.000005
0.2733333 	1.000004
0.28 	1.000004
0.2866667 	1.000004
0.2933333 	1.000004
0.3 	1.000004
0.3066667 	1.000004
0.3133333 	1.000003
0.32 	1.000003
0.3266667 	1.000003
0.3333333 	1.000003
0.34 	1.000003
0.3466667 	1.000003
0.3533333 	1.000004
0.36 	1.000004
0.3666667 	1.000004
0.3733333 	1.000004
0.38 	1.000004
0.3866667 	1.000004
0.3933333 	1.000004
0.4 	1.000004
0.4066667 	1.000004
0.4133333 	1.000003
0.42 	1.000003
0.4266667 	1.000003
0.4333333 	1.000002
0.44 	1.000002
0.4466667 	1.000002
0.4533333 	1.000003
0.46 	1.000003
0.4666667 	1.000003
0.4733333 	1.000003
0.48 	1.000002
0.4866667 	1.000002
0.4933333 	1.000002
0.5 	1.000002
0.5066667 	1.000002
0.5133333 	1.000002
0.52 	1.000002
0.5266667 	1.000001
0.5333333 	1.000001
0.54 	1.000001
0.5466667 	1.000002
0.5533333 	1.000002
0.56 	1.000002
0.5666667 	1.000002
0.5733333 	1.000002
0.58 	1.000002
0.5866667 	1.000002
0.5933333 	1.000002
0.6 	1.000002
0.6066667 	1.000001
0.6133333 	1.000001
0.62 	1.000001
0.6266667 	1.000001
0.6333333 	1.000001
0.64 	1.000001
0.6466667 	1.000001
0.6533333 	1.000001
0.66 	1.000001
0.6666667 	1.000001
0.6733333 	1.000001
0.68 	1.000001
0.6866667 	1.000001
0.6933333 	1.000001
0.7 	1.000001
0.7066667 	1.000001
0.7133333 	1.000001
0.72 	1.000001
0.7266667 	1.000001
0.7333333 	1.000001
0.74 	1.000001
0.7466667 	1.000001
0.7533333 	1.000001
0.76 	1
0.7666667 	1
0.7733333 	0.9999995
0.78 	0.9999987
0.7866667 	0.9999979
0.7933333 	0.9999971
0.8 	0.9999962
0.8066667 	0.9978126
0.8133333 	0.9956289
0.82 	0.9934452
0.8266667 	0.9912616
0.8333333 	0.9890779
0.84 	0.9051987
0.8466667 	0.8213194
0.8533333 	0.7374402
0.86 	0.6535609
0.8666667 	0.5696817
0.8733333 	0.4720218
0.88 	0.374362
0.8866667 	0.2767021
0.8933333 	0.1790422
0.9 	0.08138237
0.9066667 	0.06526242
0.9133333 	0.04914246
0.92 	0.03302251
0.9266667 	0.01690255
0.9333333 	0.0007826012
0.94 	0.0006261375
0.9466667 	0.0004696738
0.9533333 	0.0003132101
0.96 	0.0001567463
0.9666667 	2.826044e-07
0.9733333 	2.260838e-07
0.98 	1.695639e-07
0.9866667 	1.130441e-07
0.9933333 	5.65242e-08
1 	4.350959e-12
1.006667 	3.480778e-12
1.013333 	2.610597e-12
1.02 	1.740416e-12
1.026667 	8.702356e-13
1.033333 	5.464531e-17
1.04 	4.371636e-17
1.046667 	3.278742e-17
1.053333 	2.185847e-17
1.06 	1.092953e-17
1.066667 	5.834833e-22
1.073333 	4.663506e-22
1.08 	3.497642e-22
1.086667 	2.331779e-22
1.093333 	1.165916e-22
1.1 	5.256796e-27
1.106667 	4.205445e-27
1.113333 	3.154094e-27
1.12 	2.102743e-27
1.126667 	1.051392e-27
1.133333 	4.071145e-32
1.14 	3.256922e-32
1.146667 	2.442698e-32
1.153333 	1.628475e-32
1.16 	8.142511e-33
1.166667 	2.753012e-37
1.173333 	2.199156e-37
1.18 	1.649371e-37
1.186667 	1.099586e-37
1.193333 	5.498013e-38
1.2 	1.636007e-42
1.206667 	1.308807e-42
1.213333 	9.816075e-43
1.22 	6.544079e-43
1.226667 	3.272083e-43
1.233333 	8.683019e-48
1.24 	6.946424e-48
1.246667 	5.209828e-48
1.253333 	3.473233e-48
1.26 	1.736637e-48
1.266667 	4.154672e-53
1.273333 	3.316795e-53
1.28 	2.487601e-53
1.286667 	1.658407e-53
1.293333 	8.292123e-54
1.3 	1.797717e-58
1.306667 	1.438175e-58
1.313333 	1.078633e-58
1.32 	7.190909e-59
1.326667 	3.59549e-59
1.333333 	7.131453e-64
1.34 	5.705168e-64
1.346667 	4.278883e-64
1.353333 	2.852597e-64
1.36 	1.426312e-64
1.366667 	2.607139e-69
1.373333 	2.080008e-69
1.38 	1.560008e-69
1.386667 	1.040008e-69
1.393333 	5.200085e-70
1.4 	8.772786e-75
1.406667 	7.018234e-75
1.413333 	5.263682e-75
1.42 	3.509131e-75
1.426667 	1.754579e-75
1.433333 	2.746605e-80
1.44 	2.197285e-80
1.446667 	1.647966e-80
1.453333 	1.098647e-80
1.46 	5.493273e-81
1.466667 	8.033115e-86
1.473333 	6.404524e-86
1.48 	4.803398e-86
1.486667 	3.202273e-86
1.493333 	1.601147e-86
1.5 	2.181034e-91
1.506667 	1.744828e-91
1.513333 	1.308623e-91
1.52 	8.724169e-92
1.526667 	4.362112e-92
1.533333 	5.560032e-97
1.54 	4.448028e-97
1.546667 	3.336024e-97
1.553333 	2.224021e-97
1.56 	1.112017e-97
1.566667 	1.335955e-102
1.573333 	1.064317e-102
1.58 	7.982384e-103
1.586667 	5.3216e-103
1.593333 	2.660815e-103
1.6 	2.997274e-108
1.606667 	2.39782e-108
1.613333 	1.798367e-108
1.62 	1.198913e-108
1.626667 	5.994598e-109
1.633333 	6.364981e-114
1.64 	5.091988e-114
1.646667 	3.818994e-114
1.653333 	2.546e-114
1.66 	1.273007e-114
1.666667 	1.284239e-119
1.673333 	1.0223e-119
1.68 	7.667254e-120
1.686667 	5.111511e-120
1.693333 	2.555768e-120
1.7 	2.434019e-125
1.706667 	1.947216e-125
1.713333 	1.460413e-125
1.72 	9.736101e-126
1.726667 	4.868072e-126
1.733333 	4.407807e-131
1.74 	3.526247e-131
1.746667 	2.644687e-131
1.753333 	1.763127e-131
1.76 	8.815675e-132
1.766667 	7.65398e-137
1.773333 	6.087923e-137
1.78 	4.565946e-137
1.786667 	3.043968e-137
1.793333 	1.52199e-137
1.8 	1.257385e-142
1.806667 	1.005909e-142
1.813333 	7.54432e-143
1.82 	5.029553e-143
1.826667 	2.514787e-143
1.833333 	2.032181e-148
1.84 	1.627057e-148
1.846667 	1.221933e-148
1.853333 	8.168094e-149
1.86 	4.116853e-149
1.866667 	6.561301e-151
1.873333 	5.257394e-151
1.88 	3.953507e-151
1.886667 	2.64962e-151
1.893333 	1.345733e-151
1.9 	4.184655e-153
1.906667 	3.35523e-153
1.913333 	2.525804e-153
1.92 	1.696379e-153
1.926667 	8.669535e-154
1.933333 	3.752812e-155
1.94 	3.0089e-155
1.946667 	2.264989e-155
1.953333 	1.521078e-155
1.96 	7.771664e-156
1.966667 	3.325516e-157
1.973333 	2.670705e-157
1.98 	2.015898e-157
1.986667 	1.361091e-157
1.993333 	7.062846e-158
2 	5.147772e-159
