0 	1.000003
0.006666667 	1.000003
0.01333333 	1.000003
0.02 	1.000004
0.02666667 	1.000004
0.03333333 	1.000004
0.04 	1.000005
0.04666667 	1.000005
0.05333333 	1.000005
0.06 	1.000005
0.06666667 	1.000006
0.07333333 	1.000005
0.08 	1.000005
0.08666667 	1.000005
0.09333333 	1.000005
0.1 	1.000005
0.1066667 	1.000005
0.1133333 	1.000005
0.12 	1.000005
0.1266667 	1.000005
0.1333333 	1.000005
0.14 	1.000005
0.1466667 	1.000005
0.1533333 	1.000005
0.16 	1.000005
0.1666667 	1.000005
0.1733333 	1.000005
0.18 	1.000005
0.1866667 	1.000005
0.1933333 	1.000005
0.2 	1.000005
0.2066667 	1.000005
0.2133333 	1.000005
0.22 	1.000005
0.2266667 	1.000005
0.2333333 	1.000005
0.24 	1.000005
0.2466667 	1.000005
0.2533333 	1.000005
0.26 	1.000005
0.2666667 	1.000005
0.2733333 	1.000005
0.28 	1.000005
0.2866667 	1.000005
0.2933333 	1.000005
0.3 	1.000005
0.3066667 	1.000005
0.3133333 	1.000005
0.32 	1.000005
0.3266667 	1.000005
0.3333333 	1.000005
0.34 	1.000005
0.3466667 	1.000005
0.3533333 	1.000005
0.36 	1.000005
0.3666667 	1.000005
0.3733333 	1.000005
0.38 	1.000005
0.3866667 	1.000005
0.3933333 	1.000005
0.4 	1.000005
0.4066667 	1.000004
0.4133333 	1.000004
0.42 	1.000004
0.4266667 	1.000004
0.4333333 	1.000004
0.44 	1.000004
0.4466667 	1.000004
0.4533333 	1.000004
0.46 	1.000004
0.4666667 	1.000004
0.4733333 	1.000004
0.48 	1.000004
0.4866667 	1.000004
0.4933333 	1.000003
0.5 	1.000003
0.5066667 	1.000003
0.5133333 	1.000003
0.52 	1.000003
0.5266667 	1.000003
0.5333333 	1.000003
0.54 	1.000003
0.5466667 	1.000003
0.5533333 	1.000003
0.56 	1.000003
0.5666667 	1.000003
0.5733333 	1.000003
0.58 	1.000003
0.5866667 	1.000002
0.5933333 	1.000002
0.6 	1.000002
0.6066667 	1.000002
0.6133333 	1.000002
0.62 	1.000002
0.6266667 	1.000002
0.6333333 	1.000002
0.64 	1.000002
0.6466667 	1.000002
0.6533333 	1.000002
0.66 	1.000002
0.6666667 	1.000002
0.6733333 	1.000002
0.68 	1.000001
0.6866667 	1.000001
0.6933333 	1.000001
0.7 	1.000001
0.7066667 	1.000001
0.7133333 	1.000001
0.72 	1.000001
0.7266667 	1.000001
0.7333333 	1.000001
0.74 	1.000001
0.7466667 	1.000001
0.7533333 	1.000001
0.76 	1.000001
0.7666667 	1
0.7733333 	1
0.78 	0.9999995
0.7866667 	0.9999989
0.7933333 	0.9999984
0.8 	0.9999979
0.8066667 	0.9977933
0.8133333 	0.9955886
0.82 	0.993384
0.8266667 	0.9911794
0.8333333 	0.9889747
0.84 	0.892934
0.8466667 	0.7968932
0.8533333 	0.7008525
0.86 	0.6048117
0.8666667 	0.5087709
0.8733333 	0.4109824
0.88 	0.3131939
0.8866667 	0.2154054
0.8933333 	0.1176169
0.9 	0.01982838
0.9066667 	0.01586958
0.9133333 	0.01191078
0.92 	0.007951975
0.9266667 	0.003993173
0.9333333 	3.437068e-05
0.94 	2.749676e-05
0.9466667 	2.062285e-05
0.9533333 	1.374894e-05
0.96 	6.875024e-06
0.9666667 	1.110902e-09
0.9733333 	8.886958e-10
0.98 	6.66524e-10
0.9866667 	4.443521e-10
0.9933333 	2.221803e-10
1 	8.413728e-15
1.006667 	6.730994e-15
1.013333 	5.04826e-15
1.02 	3.365525e-15
1.026667 	1.682791e-15
1.033333 	5.690612e-20
1.04 	4.552497e-20
1.046667 	3.414382e-20
1.053333 	2.276267e-20
1.06 	1.138152e-20
1.066667 	3.727475e-25
1.073333 	2.977433e-25
1.08 	2.233081e-25
1.086667 	1.488729e-25
1.093333 	7.443778e-26
1.1 	2.604524e-30
1.106667 	2.083624e-30
1.113333 	1.562723e-30
1.12 	1.041823e-30
1.126667 	5.209224e-31
1.133333 	2.189099e-35
1.14 	1.751284e-35
1.146667 	1.313469e-35
1.153333 	8.756532e-36
1.16 	4.378378e-36
1.166667 	2.241201e-40
1.173333 	1.791215e-40
1.18 	1.343417e-40
1.186667 	8.956197e-41
1.193333 	4.478224e-41
1.2 	2.49657e-45
1.206667 	1.997262e-45
1.213333 	1.497953e-45
1.22 	9.986445e-46
1.226667 	4.993359e-46
1.233333 	2.735755e-50
1.24 	2.18861e-50
1.246667 	1.641464e-50
1.253333 	1.094319e-50
1.26 	5.471735e-51
1.266667 	2.811075e-55
1.273333 	2.246676e-55
1.28 	1.685014e-55
1.286667 	1.123352e-55
1.293333 	5.616891e-56
1.3 	2.661285e-60
1.306667 	2.129033e-60
1.313333 	1.59678e-60
1.32 	1.064528e-60
1.326667 	5.322756e-61
1.333333 	2.325714e-65
1.34 	1.860575e-65
1.346667 	1.395436e-65
1.353333 	9.302971e-66
1.36 	4.65158e-66
1.366667 	1.88322e-70
1.373333 	1.504718e-70
1.38 	1.128542e-70
1.386667 	7.523662e-71
1.393333 	3.761902e-71
1.4 	1.413606e-75
1.406667 	1.130887e-75
1.413333 	8.481676e-76
1.42 	5.654484e-76
1.426667 	2.827292e-76
1.433333 	9.915408e-81
1.44 	7.932339e-81
1.446667 	5.949271e-81
1.453333 	3.966202e-81
1.46 	1.983134e-81
1.466667 	6.524893e-86
1.473333 	5.21199e-86
1.48 	3.909003e-86
1.486667 	2.606015e-86
1.493333 	1.303028e-86
1.5 	4.023524e-91
1.506667 	3.218824e-91
1.513333 	2.414124e-91
1.52 	1.609424e-91
1.526667 	8.047236e-92
1.533333 	2.342809e-96
1.54 	1.87425e-96
1.546667 	1.405691e-96
1.553333 	9.371314e-97
1.56 	4.685721e-97
1.566667 	1.291867e-101
1.573333 	1.031621e-101
1.58 	7.737172e-102
1.586667 	5.158137e-102
1.593333 	2.579102e-102
1.6 	6.724515e-107
1.606667 	5.379619e-107
1.613333 	4.034722e-107
1.62 	2.689826e-107
1.626667 	1.34493e-107
1.633333 	3.329533e-112
1.64 	2.663629e-112
1.646667 	1.997726e-112
1.653333 	1.331823e-112
1.66 	6.659191e-113
1.666667 	1.571675e-117
1.673333 	1.254678e-117
1.68 	9.4101e-118
1.686667 	6.273423e-118
1.693333 	3.136747e-118
1.7 	7.038745e-123
1.706667 	5.631002e-123
1.713333 	4.223259e-123
1.72 	2.815516e-123
1.726667 	1.407773e-123
1.733333 	3.01456e-128
1.74 	2.411651e-128
1.746667 	1.808741e-128
1.753333 	1.205832e-128
1.76 	6.02922e-129
1.766667 	1.236983e-133
1.773333 	9.871755e-134
1.78 	7.403828e-134
1.786667 	4.935901e-134
1.793333 	2.467975e-134
1.8 	4.832658e-139
1.806667 	3.866129e-139
1.813333 	2.899602e-139
1.82 	1.933074e-139
1.826667 	9.665459e-140
1.833333 	1.812887e-144
1.84 	1.450312e-144
1.846667 	1.087736e-144
1.853333 	7.251611e-145
1.86 	3.625858e-145
1.866667 	1.047099e-149
1.873333 	8.409623e-150
1.88 	6.36638e-150
1.886667 	4.323137e-150
1.893333 	2.279894e-150
1.9 	2.366517e-151
1.906667 	1.904844e-151
1.913333 	1.443171e-151
1.92 	9.814972e-152
1.926667 	5.198239e-152
1.933333 	5.81506e-153
1.94 	4.674434e-153
1.946667 	3.533808e-153
1.953333 	2.393182e-153
1.96 	1.252556e-153
1.966667 	1.119301e-154
1.973333 	9.023654e-155
1.98 	6.854309e-155
1.986667 	4.684963e-155
1.993333 	2.515618e-155
2 	3.462723e-156
