0 	0.9999463
0.006666667 	0.9999444
0.01333333 	0.9999425
0.02 	0.9999406
0.02666667 	0.9999387
0.03333333 	0.9999368
0.04 	0.9999356
0.04666667 	0.9999344
0.05333333 	0.9999331
0.06 	0.9999319
0.06666667 	0.9999307
0.07333333 	0.9999287
0.08 	0.9999266
0.08666667 	0.9999246
0.09333333 	0.9999226
0.1 	0.9999205
0.1066667 	0.9999198
0.1133333 	0.9999191
0.12 	0.9999184
0.1266667 	0.9999177
0.1333333 	0.999917
0.14 	0.9999211
0.1466667 	0.9999252
0.1533333 	0.9999293
0.16 	0.9999334
0.1666667 	0.9999375
0.1733333 	0.9999406
0.18 	0.9999436
0.1866667 	0.9999466
0.1933333 	0.9999496
0.2 	0.9999526
0.2066667 	0.999951
0.2133333 	0.9999494
0.22 	0.9999478
0.2266667 	0.9999461
0.2333333 	0.9999445
0.24 	0.9999432
0.2466667 	0.9999419
0.2533333 	0.9999406
0.26 	0.9999393
0.2666667 	0.999938
0.2733333 	0.9999415
0.28 	0.9999449
0.2866667 	0.9999484
0.2933333 	0.9999519
0.3 	0.9999554
0.3066667 	0.9999587
0.3133333 	0.9999619
0.32 	0.9999652
0.3266667 	0.9999684
0.3333333 	0.9999717
0.34 	0.999971
0.3466667 	0.9999704
0.3533333 	0.9999697
0.36 	0.999969
0.3666667 	0.9999684
0.3733333 	0.9999642
0.38 	0.9999601
0.3866667 	0.999956
0.3933333 	0.9999519
0.4 	0.9999478
0.4066667 	0.999943
0.4133333 	0.9999382
0.42 	0.9999334
0.4266667 	0.9999287
0.4333333 	0.9999239
0.44 	0.9999184
0.4466667 	0.9999129
0.4533333 	0.9999074
0.46 	0.9999019
0.4666667 	0.9998965
0.4733333 	0.9999016
0.48 	0.9999068
0.4866667 	0.999912
0.4933333 	0.9999172
0.5 	0.9999224
0.5066667 	0.999935
0.5133333 	0.9999476
0.52 	0.9999601
0.5266667 	0.9999727
0.5333333 	0.9999853
0.54 	0.9999906
0.5466667 	0.9999959
0.5533333 	1.000001
0.56 	1.000006
0.5666667 	1.000012
0.5733333 	1.000009
0.58 	1.000006
0.5866667 	1.000003
0.5933333 	1
0.6 	0.9999974
0.6066667 	0.9999892
0.6133333 	0.999981
0.62 	0.9999729
0.6266667 	0.9999647
0.6333333 	0.9999566
0.64 	0.9999579
0.6466667 	0.9999592
0.6533333 	0.9999605
0.66 	0.9999618
0.6666667 	0.9999631
0.6733333 	0.9999695
0.68 	0.999976
0.6866667 	0.9999824
0.6933333 	0.9999888
0.7 	0.9999953
0.7066667 	0.9999961
0.7133333 	0.9999969
0.72 	0.9999977
0.7266667 	0.9999985
0.7333333 	0.9999993
0.74 	0.999995
0.7466667 	0.9999907
0.7533333 	0.9999863
0.76 	0.999982
0.7666667 	0.9999776
0.7733333 	0.9990125
0.78 	0.9980473
0.7866667 	0.9970822
0.7933333 	0.996117
0.8 	0.9951519
0.8066667 	0.9736178
0.8133333 	0.9520837
0.82 	0.9305496
0.8266667 	0.9090155
0.8333333 	0.8874815
0.84 	0.8042482
0.8466667 	0.721015
0.8533333 	0.6377817
0.86 	0.5545485
0.8666667 	0.4713153
0.8733333 	0.3934324
0.88 	0.3155495
0.8866667 	0.2376666
0.8933333 	0.1597836
0.9 	0.08190074
0.9066667 	0.06611448
0.9133333 	0.05032822
0.92 	0.03454196
0.9266667 	0.0187557
0.9333333 	0.002969443
0.94 	0.002390792
0.9466667 	0.001812141
0.9533333 	0.00123349
0.96 	0.0006548397
0.9666667 	7.618896e-05
0.9733333 	6.099715e-05
0.98 	4.580534e-05
0.9866667 	3.061354e-05
0.9933333 	1.542173e-05
1 	2.299274e-07
1.006667 	1.839475e-07
1.013333 	1.379677e-07
1.02 	9.198784e-08
1.026667 	4.600798e-08
1.033333 	2.813255e-11
1.04 	2.250614e-11
1.046667 	1.687974e-11
1.053333 	1.125333e-11
1.06 	5.626919e-12
1.066667 	5.104047e-16
1.073333 	4.081014e-16
1.08 	3.060793e-16
1.086667 	2.040573e-16
1.093333 	1.020352e-16
1.1 	1.319392e-20
1.106667 	1.055517e-20
1.113333 	7.916412e-21
1.12 	5.277659e-21
1.126667 	2.638906e-21
1.133333 	1.530981e-25
1.14 	1.224788e-25
1.146667 	9.185945e-26
1.153333 	6.124014e-26
1.16 	3.062084e-26
1.166667 	1.536449e-30
1.173333 	1.227937e-30
1.18 	9.209558e-31
1.186667 	6.139749e-31
1.193333 	3.06994e-31
1.2 	1.312539e-35
1.206667 	1.050033e-35
1.213333 	7.875272e-36
1.22 	5.250211e-36
1.226667 	2.625151e-36
1.233333 	9.043494e-41
1.24 	7.234805e-41
1.246667 	5.426117e-41
1.253333 	3.617428e-41
1.26 	1.80874e-41
1.266667 	5.122512e-46
1.273333 	4.09078e-46
1.28 	3.068091e-46
1.286667 	2.045403e-46
1.293333 	1.022714e-46
1.3 	2.502639e-51
1.306667 	2.002114e-51
1.313333 	1.501588e-51
1.32 	1.001062e-51
1.326667 	5.005366e-52
1.333333 	1.086189e-56
1.34 	8.689519e-57
1.346667 	6.51715e-57
1.353333 	4.344781e-57
1.36 	2.172412e-57
1.366667 	4.28205e-62
1.373333 	3.416954e-62
1.38 	2.562719e-62
1.386667 	1.708485e-62
1.393333 	8.542501e-63
1.4 	1.555028e-67
1.406667 	1.244024e-67
1.413333 	9.330189e-68
1.42 	6.220143e-68
1.426667 	3.110097e-68
1.433333 	5.13514e-73
1.44 	4.108115e-73
1.446667 	3.08109e-73
1.453333 	2.054065e-73
1.46 	1.02704e-73
1.466667 	1.537093e-78
1.473333 	1.225567e-78
1.48 	9.191767e-79
1.486667 	6.127858e-79
1.493333 	3.06395e-79
1.5 	4.221422e-84
1.506667 	3.377139e-84
1.513333 	2.532857e-84
1.52 	1.688575e-84
1.526667 	8.442928e-85
1.533333 	1.058423e-89
1.54 	8.46739e-90
1.546667 	6.350549e-90
1.553333 	4.233708e-90
1.56 	2.116867e-90
1.566667 	2.527634e-95
1.573333 	2.013641e-95
1.58 	1.510232e-95
1.586667 	1.006823e-95
1.593333 	5.034146e-96
1.6 	5.881743e-101
1.606667 	4.705397e-101
1.613333 	3.529051e-101
1.62 	2.352705e-101
1.626667 	1.176359e-101
1.633333 	1.315594e-106
1.64 	1.052476e-106
1.646667 	7.893578e-107
1.653333 	5.262395e-107
1.66 	2.631212e-107
1.666667 	2.880343e-112
1.673333 	2.293751e-112
1.68 	1.720315e-112
1.686667 	1.146878e-112
1.693333 	5.734422e-113
1.7 	6.078302e-118
1.706667 	4.862644e-118
1.713333 	3.646986e-118
1.72 	2.431328e-118
1.726667 	1.21567e-118
1.733333 	1.27631e-123
1.74 	1.021048e-123
1.746667 	7.657868e-124
1.753333 	5.105254e-124
1.76 	2.55264e-124
1.766667 	2.644932e-129
1.773333 	2.105734e-129
1.78 	1.579299e-129
1.786667 	1.052865e-129
1.793333 	5.264305e-130
1.8 	-3.943061e-135
1.806667 	-4.244375e-135
1.813333 	-4.545688e-135
1.82 	-4.847001e-135
1.826667 	-5.148314e-135
1.833333 	-5.449627e-135
1.84 	-4.460528e-135
1.846667 	-3.471428e-135
1.853333 	-2.482329e-135
1.86 	-1.493229e-135
1.866667 	-5.041299e-136
1.873333 	-4.087037e-136
1.88 	-3.132775e-136
1.886667 	-2.178513e-136
1.893333 	-1.224251e-136
1.9 	-2.699898e-137
1.906667 	-2.181172e-137
1.913333 	-1.662446e-137
1.92 	-1.143721e-137
1.926667 	-6.249949e-138
1.933333 	-1.062693e-138
1.94 	-8.5693e-139
1.946667 	-6.511672e-139
1.953333 	-4.454045e-139
1.96 	-2.396418e-139
1.966667 	-3.387906e-140
1.973333 	-2.710324e-140
1.98 	-2.032743e-140
1.986667 	-1.355162e-140
1.993333 	-6.77581e-141
2 	-7.898794e-153
