0 	0.9999451
0.006666667 	0.9999421
0.01333333 	0.999939
0.02 	0.999936
0.02666667 	0.9999329
0.03333333 	0.9999299
0.04 	0.9999277
0.04666667 	0.9999256
0.05333333 	0.9999234
0.06 	0.9999213
0.06666667 	0.9999191
0.07333333 	0.99992
0.08 	0.9999209
0.08666667 	0.9999218
0.09333333 	0.9999227
0.1 	0.9999236
0.1066667 	0.9999246
0.1133333 	0.9999256
0.12 	0.9999266
0.1266667 	0.9999276
0.1333333 	0.9999286
0.14 	0.999931
0.1466667 	0.9999334
0.1533333 	0.9999358
0.16 	0.9999382
0.1666667 	0.9999406
0.1733333 	0.9999424
0.18 	0.9999442
0.1866667 	0.999946
0.1933333 	0.9999478
0.2 	0.9999496
0.2066667 	0.9999502
0.2133333 	0.9999509
0.22 	0.9999516
0.2266667 	0.9999522
0.2333333 	0.9999529
0.24 	0.9999547
0.2466667 	0.9999564
0.2533333 	0.9999582
0.26 	0.9999599
0.2666667 	0.9999616
0.2733333 	0.9999635
0.28 	0.9999653
0.2866667 	0.9999672
0.2933333 	0.999969
0.3 	0.9999709
0.3066667 	0.9999697
0.3133333 	0.9999686
0.32 	0.9999675
0.3266667 	0.9999663
0.3333333 	0.9999652
0.34 	0.9999631
0.3466667 	0.9999611
0.3533333 	0.999959
0.36 	0.999957
0.3666667 	0.9999549
0.3733333 	0.9999542
0.38 	0.9999534
0.3866667 	0.9999527
0.3933333 	0.9999519
0.4 	0.9999512
0.4066667 	0.9999487
0.4133333 	0.9999463
0.42 	0.9999439
0.4266667 	0.9999414
0.4333333 	0.999939
0.44 	0.999935
0.4466667 	0.999931
0.4533333 	0.9999271
0.46 	0.9999231
0.4666667 	0.9999191
0.4733333 	0.9999197
0.48 	0.9999204
0.4866667 	0.999921
0.4933333 	0.9999217
0.5 	0.9999223
0.5066667 	0.9999304
0.5133333 	0.9999385
0.52 	0.9999467
0.5266667 	0.9999548
0.5333333 	0.9999629
0.54 	0.9999732
0.5466667 	0.9999835
0.5533333 	0.9999938
0.56 	1.000004
0.5666667 	1.000014
0.5733333 	1.000013
0.58 	1.000011
0.5866667 	1.00001
0.5933333 	1.000009
0.6 	1.000007
0.6066667 	0.9999959
0.6133333 	0.9999847
0.62 	0.9999734
0.6266667 	0.9999622
0.6333333 	0.9999509
0.64 	0.9999523
0.6466667 	0.9999537
0.6533333 	0.9999551
0.66 	0.9999565
0.6666667 	0.9999578
0.6733333 	0.9999627
0.68 	0.9999676
0.6866667 	0.9999725
0.6933333 	0.9999774
0.7 	0.9999822
0.7066667 	0.9999844
0.7133333 	0.9999867
0.72 	0.9999889
0.7266667 	0.9999911
0.7333333 	0.9999933
0.74 	0.9999932
0.7466667 	0.9999932
0.7533333 	0.9999932
0.76 	0.9999932
0.7666667 	0.9999932
0.7733333 	0.9999349
0.78 	0.9998767
0.7866667 	0.9998184
0.7933333 	0.9997602
0.8 	0.9997019
0.8066667 	0.9874601
0.8133333 	0.9752182
0.82 	0.9629763
0.8266667 	0.9507345
0.8333333 	0.9384926
0.84 	0.8387018
0.8466667 	0.738911
0.8533333 	0.6391203
0.86 	0.5393295
0.8666667 	0.4395387
0.8733333 	0.3517832
0.88 	0.2640277
0.8866667 	0.1762722
0.8933333 	0.08851676
0.9 	0.0007612648
0.9066667 	0.0006090121
0.9133333 	0.0004567593
0.92 	0.0003045066
0.9266667 	0.0001522538
0.9333333 	1.10315e-09
0.94 	8.825199e-10
0.9466667 	6.6189e-10
0.9533333 	4.412601e-10
0.96 	2.206302e-10
0.9666667 	3.413863e-16
0.9733333 	2.722266e-16
0.98 	2.0417e-16
0.9866667 	1.361134e-16
0.9933333 	6.805673e-17
1 	1.146721e-22
1.006667 	9.173765e-23
1.013333 	6.880324e-23
1.02 	4.586884e-23
1.026667 	2.293443e-23
1.033333 	2.578681e-29
1.04 	2.062945e-29
1.046667 	1.547209e-29
1.053333 	1.031473e-29
1.06 	5.157365e-30
1.066667 	4.236706e-36
1.073333 	3.183071e-36
1.08 	2.387303e-36
1.086667 	1.591536e-36
1.093333 	7.95768e-37
1.1 	2.189683e-43
1.106667 	1.751747e-43
1.113333 	1.31381e-43
1.12 	8.758738e-44
1.126667 	4.379373e-44
1.133333 	8.350644e-50
1.14 	6.680516e-50
1.146667 	5.010388e-50
1.153333 	3.340259e-50
1.16 	1.670131e-50
1.166667 	2.492845e-56
1.173333 	1.927471e-56
1.18 	1.445604e-56
1.186667 	9.63736e-57
1.193333 	4.818682e-57
1.2 	4.713787e-63
1.206667 	3.771029e-63
1.213333 	2.828272e-63
1.22 	1.885515e-63
1.226667 	9.427577e-64
1.233333 	5.25981e-70
1.24 	4.207848e-70
1.246667 	3.155886e-70
1.253333 	2.103924e-70
1.26 	1.051962e-70
1.266667 	2.846953e-77
1.273333 	1.856777e-77
1.28 	1.392583e-77
1.286667 	9.283889e-78
1.293333 	4.641947e-78
1.3 	5.35618e-84
1.306667 	4.284944e-84
1.313333 	3.213708e-84
1.32 	2.142472e-84
1.326667 	1.071237e-84
1.333333 	9.024821e-91
1.34 	7.219857e-91
1.346667 	5.414893e-91
1.353333 	3.609929e-91
1.36 	1.804965e-91
1.366667 	1.197757e-97
1.373333 	8.860064e-98
1.38 	6.645048e-98
1.386667 	4.430033e-98
1.393333 	2.215017e-98
1.4 	1.200915e-104
1.406667 	9.607313e-105
1.413333 	7.205485e-105
1.42 	4.803657e-105
1.426667 	2.401829e-105
1.433333 	1.262088e-111
1.44 	1.009671e-111
1.446667 	7.572532e-112
1.453333 	5.048355e-112
1.46 	2.524179e-112
1.466667 	2.647168e-118
1.473333 	2.016402e-118
1.48 	1.511846e-118
1.486667 	1.00729e-118
1.493333 	5.02734e-119
1.5 	-1.822101e-121
1.506667 	-1.466302e-121
1.513333 	-1.110502e-121
1.52 	-7.547033e-122
1.526667 	-3.989042e-122
1.533333 	-4.310502e-123
1.54 	-3.454421e-123
1.546667 	-2.59834e-123
1.553333 	-1.742259e-123
1.56 	-8.861783e-124
1.566667 	-3.009729e-125
1.573333 	-2.409993e-125
1.58 	-1.810261e-125
1.586667 	-1.210529e-125
1.593333 	-6.107976e-126
1.6 	-1.106583e-127
1.606667 	-8.857478e-128
1.613333 	-6.649124e-128
1.62 	-4.44077e-128
1.626667 	-2.232417e-128
1.633333 	-2.406297e-130
1.64 	-1.925717e-130
1.646667 	-1.445137e-130
1.653333 	-9.645572e-131
1.66 	-4.839774e-131
1.666667 	-3.397642e-133
1.673333 	-2.718698e-133
1.68 	-2.039779e-133
1.686667 	-1.36086e-133
1.693333 	-6.819401e-134
1.7 	-3.020621e-136
1.706667 	-2.416799e-136
1.713333 	-1.812976e-136
1.72 	-1.209154e-136
1.726667 	-6.053314e-137
1.733333 	-1.508995e-139
1.74 	-1.207261e-139
1.746667 	-9.055262e-140
1.753333 	-6.037918e-140
1.76 	-3.020574e-140
1.766667 	-3.23033e-143
1.773333 	-2.584183e-143
1.78 	-1.938187e-143
1.786667 	-1.292191e-143
1.793333 	-6.461947e-144
1.8 	-1.986324e-147
1.806667 	-1.589059e-147
1.813333 	-1.191794e-147
1.82 	-7.945294e-148
1.826667 	-3.972647e-148
1.833333 	1.434349e-158
1.84 	1.147479e-158
1.846667 	8.606092e-159
1.853333 	5.737395e-159
1.86 	2.868697e-159
1.866667 	1.44135e-166
1.873333 	5.578802e-169
1.88 	4.184102e-169
1.886667 	2.789401e-169
1.893333 	1.394701e-169
1.9 	1.393586e-181
1.906667 	4.605593e-192
1.913333 	3.454203e-192
1.92 	2.302813e-192
1.926667 	1.151423e-192
1.933333 	3.286565e-197
1.94 	2.629317e-197
1.946667 	1.97207e-197
1.953333 	1.314822e-197
1.96 	6.575746e-198
1.966667 	3.270047e-201
1.973333 	2.615851e-201
1.98 	1.961982e-201
1.986667 	1.308114e-201
1.993333 	6.542461e-202
2 	3.779737e-205
