0 	1.000003
0.006666667 	1.000003
0.01333333 	1.000004
0.02 	1.000004
0.02666667 	1.000004
0.03333333 	1.000005
0.04 	1.000005
0.04666667 	1.000005
0.05333333 	1.000005
0.06 	1.000005
0.06666667 	1.000006
0.07333333 	1.000006
0.08 	1.000005
0.08666667 	1.000005
0.09333333 	1.000005
0.1 	1.000005
0.1066667 	1.000005
0.1133333 	1.000005
0.12 	1.000005
0.1266667 	1.000005
0.1333333 	1.000005
0.14 	1.000005
0.1466667 	1.000005
0.1533333 	1.000005
0.16 	1.000005
0.1666667 	1.000005
0.1733333 	1.000005
0.18 	1.000005
0.1866667 	1.000005
0.1933333 	1.000005
0.2 	1.000005
0.2066667 	1.000005
0.2133333 	1.000005
0.22 	1.000005
0.2266667 	1.000005
0.2333333 	1.000005
0.24 	1.000005
0.2466667 	1.000005
0.2533333 	1.000005
0.26 	1.000005
0.2666667 	1.000005
0.2733333 	1.000005
0.28 	1.000005
0.2866667 	1.000005
0.2933333 	1.000005
0.3 	1.000005
0.3066667 	1.000005
0.3133333 	1.000005
0.32 	1.000005
0.3266667 	1.000005
0.3333333 	1.000005
0.34 	1.000005
0.3466667 	1.000005
0.3533333 	1.000005
0.36 	1.000005
0.3666667 	1.000005
0.3733333 	1.000005
0.38 	1.000005
0.3866667 	1.000005
0.3933333 	1.000005
0.4 	1.000005
0.4066667 	1.000005
0.4133333 	1.000005
0.42 	1.000005
0.4266667 	1.000004
0.4333333 	1.000004
0.44 	1.000004
0.4466667 	1.000004
0.4533333 	1.000004
0.46 	1.000004
0.4666667 	1.000004
0.4733333 	1.000004
0.48 	1.000004
0.4866667 	1.000004
0.4933333 	1.000004
0.5 	1.000003
0.5066667 	1.000003
0.5133333 	1.000003
0.52 	1.000003
0.5266667 	1.000003
0.5333333 	1.000003
0.54 	1.000003
0.5466667 	1.000003
0.5533333 	1.000003
0.56 	1.000003
0.5666667 	1.000003
0.5733333 	1.000003
0.58 	1.000003
0.5866667 	1.000002
0.5933333 	1.000002
0.6 	1.000002
0.6066667 	1.000002
0.6133333 	1.000002
0.62 	1.000002
0.6266667 	1.000002
0.6333333 	1.000002
0.64 	1.000002
0.6466667 	1.000002
0.6533333 	1.000002
0.66 	1.000002
0.6666667 	1.000002
0.6733333 	1.000002
0.68 	1.000001
0.6866667 	1.000001
0.6933333 	1.000001
0.7 	1.000001
0.7066667 	1.000001
0.7133333 	1.000001
0.72 	1.000001
0.7266667 	1.000001
0.7333333 	1.000001
0.74 	1.000001
0.7466667 	1.000001
0.7533333 	1.000001
0.76 	1
0.7666667 	1
0.7733333 	0.9999985
0.78 	0.9999967
0.7866667 	0.9999949
0.7933333 	0.9999931
0.8 	0.9999913
0.8066667 	0.9967583
0.8133333 	0.9935253
0.82 	0.9902923
0.8266667 	0.9870593
0.8333333 	0.9838263
0.84 	0.8910177
0.8466667 	0.798209
0.8533333 	0.7054004
0.86 	0.6125918
0.8666667 	0.5197831
0.8733333 	0.4230773
0.88 	0.3263715
0.8866667 	0.2296657
0.8933333 	0.1329599
0.9 	0.03625413
0.9066667 	0.02906454
0.9133333 	0.02187495
0.92 	0.01468537
0.9266667 	0.007495779
0.9333333 	0.0003061921
0.94 	0.0002449986
0.9466667 	0.000183805
0.9533333 	0.0001226114
0.96 	6.141783e-05
0.9666667 	2.242545e-07
0.9733333 	1.794051e-07
0.98 	1.34556e-07
0.9866667 	8.970691e-08
0.9933333 	4.485783e-08
1 	8.751983e-12
1.006667 	7.001623e-12
1.013333 	5.251264e-12
1.02 	3.500905e-12
1.026667 	1.750546e-12
1.033333 	1.872935e-16
1.04 	1.498355e-16
1.046667 	1.123775e-16
1.053333 	7.49195e-17
1.06 	3.746151e-17
1.066667 	3.510153e-21
1.073333 	2.806636e-21
1.08 	2.104991e-21
1.086667 	1.403346e-21
1.093333 	7.017009e-22
1.1 	5.595797e-26
1.106667 	4.476653e-26
1.113333 	3.357509e-26
1.12 	2.238365e-26
1.126667 	1.119221e-26
1.133333 	7.73647e-31
1.14 	6.189195e-31
1.146667 	4.64192e-31
1.153333 	3.094645e-31
1.16 	1.547369e-31
1.166667 	9.430016e-36
1.173333 	7.537845e-36
1.18 	5.653409e-36
1.186667 	3.768974e-36
1.193333 	1.884538e-36
1.2 	1.025839e-40
1.206667 	8.206731e-41
1.213333 	6.155074e-41
1.22 	4.103416e-41
1.226667 	2.051759e-41
1.233333 	1.013052e-45
1.24 	8.104434e-46
1.246667 	6.078348e-46
1.253333 	4.052263e-46
1.26 	2.026178e-46
1.266667 	9.21964e-51
1.273333 	7.367624e-51
1.28 	5.525737e-51
1.286667 	3.683851e-51
1.293333 	1.841965e-51
1.3 	7.833895e-56
1.306667 	6.267129e-56
1.313333 	4.700363e-56
1.32 	3.133596e-56
1.326667 	1.56683e-56
1.333333 	6.363669e-61
1.34 	5.090945e-61
1.346667 	3.818222e-61
1.353333 	2.545498e-61
1.36 	1.272774e-61
1.366667 	5.077518e-66
1.373333 	4.056931e-66
1.38 	3.042709e-66
1.386667 	2.028486e-66
1.393333 	1.014264e-66
1.4 	4.092456e-71
1.406667 	3.273972e-71
1.413333 	2.455487e-71
1.42 	1.637003e-71
1.426667 	8.185187e-72
1.433333 	3.442974e-76
1.44 	2.754386e-76
1.446667 	2.065797e-76
1.453333 	1.377208e-76
1.46 	6.886194e-77
1.466667 	3.060939e-81
1.473333 	2.446003e-81
1.48 	1.834509e-81
1.486667 	1.223016e-81
1.493333 	6.11522e-82
1.5 	2.837294e-86
1.506667 	2.26984e-86
1.513333 	1.702387e-86
1.52 	1.134934e-86
1.526667 	5.674802e-87
1.533333 	2.687079e-91
1.54 	2.149668e-91
1.546667 	1.612257e-91
1.553333 	1.074847e-91
1.56 	5.374361e-92
1.566667 	2.536853e-96
1.573333 	2.027338e-96
1.58 	1.520509e-96
1.586667 	1.01368e-96
1.593333 	5.068519e-97
1.6 	2.337295e-101
1.606667 	1.86984e-101
1.613333 	1.402385e-101
1.62 	9.349305e-102
1.626667 	4.674756e-102
1.633333 	2.085819e-106
1.64 	1.668659e-106
1.646667 	1.251498e-106
1.653333 	8.343382e-107
1.66 	4.171781e-107
1.666667 	1.793507e-111
1.673333 	1.43314e-111
1.68 	1.074859e-111
1.686667 	7.165774e-112
1.693333 	3.582961e-112
1.7 	1.477267e-116
1.706667 	1.181816e-116
1.713333 	8.86365e-117
1.72 	5.909139e-117
1.726667 	2.954628e-117
1.733333 	1.168964e-121
1.74 	9.351728e-122
1.746667 	7.013818e-122
1.753333 	4.675909e-122
1.76 	2.337999e-122
1.766667 	8.890695e-127
1.773333 	7.103217e-127
1.78 	5.327429e-127
1.786667 	3.551641e-127
1.793333 	1.775853e-127
1.8 	6.4793e-132
1.806667 	5.183449e-132
1.813333 	3.887598e-132
1.82 	2.591747e-132
1.826667 	1.295896e-132
1.833333 	4.548857e-137
1.84 	3.639092e-137
1.846667 	2.729327e-137
1.853333 	1.819561e-137
1.86 	9.097961e-138
1.866667 	3.081193e-142
1.873333 	2.461319e-142
1.88 	1.845995e-142
1.886667 	1.23067e-142
1.893333 	6.153449e-143
1.9 	2.011056e-147
1.906667 	1.609704e-147
1.913333 	1.208351e-147
1.92 	8.06999e-148
1.926667 	4.056467e-148
1.933333 	4.294339e-150
1.94 	3.460226e-150
1.946667 	2.626114e-150
1.953333 	1.792001e-150
1.96 	9.578885e-151
1.966667 	1.237758e-151
1.973333 	1.004393e-151
1.98 	7.710289e-152
1.986667 	5.376643e-152
1.993333 	3.042998e-152
2 	7.093526e-153
