0 	1.000003
0.006666667 	1.000003
0.01333333 	1.000004
0.02 	1.000004
0.02666667 	1.000004
0.03333333 	1.000005
0.04 	1.000005
0.04666667 	1.000005
0.05333333 	1.000005
0.06 	1.000006
0.06666667 	1.000006
0.07333333 	1.000006
0.08 	1.000006
0.08666667 	1.000006
0.09333333 	1.000005
0.1 	1.000005
0.1066667 	1.000005
0.1133333 	1.000005
0.12 	1.000005
0.1266667 	1.000005
0.1333333 	1.000005
0.14 	1.000005
0.1466667 	1.000005
0.1533333 	1.000005
0.16 	1.000005
0.1666667 	1.000006
0.1733333 	1.000005
0.18 	1.000005
0.1866667 	1.000005
0.1933333 	1.000005
0.2 	1.000005
0.2066667 	1.000005
0.2133333 	1.000005
0.22 	1.000005
0.2266667 	1.000005
0.2333333 	1.000005
0.24 	1.000005
0.2466667 	1.000005
0.2533333 	1.000005
0.26 	1.000006
0.2666667 	1.000006
0.2733333 	1.000006
0.28 	1.000006
0.2866667 	1.000006
0.2933333 	1.000006
0.3 	1.000006
0.3066667 	1.000005
0.3133333 	1.000005
0.32 	1.000005
0.3266667 	1.000005
0.3333333 	1.000005
0.34 	1.000005
0.3466667 	1.000005
0.3533333 	1.000005
0.36 	1.000005
0.3666667 	1.000005
0.3733333 	1.000005
0.38 	1.000005
0.3866667 	1.000005
0.3933333 	1.000005
0.4 	1.000005
0.4066667 	1.000005
0.4133333 	1.000005
0.42 	1.000005
0.4266667 	1.000005
0.4333333 	1.000004
0.44 	1.000004
0.4466667 	1.000004
0.4533333 	1.000004
0.46 	1.000004
0.4666667 	1.000004
0.4733333 	1.000004
0.48 	1.000004
0.4866667 	1.000004
0.4933333 	1.000004
0.5 	1.000004
0.5066667 	1.000004
0.5133333 	1.000003
0.52 	1.000003
0.5266667 	1.000003
0.5333333 	1.000003
0.54 	1.000003
0.5466667 	1.000003
0.5533333 	1.000003
0.56 	1.000003
0.5666667 	1.000003
0.5733333 	1.000003
0.58 	1.000003
0.5866667 	1.000003
0.5933333 	1.000002
0.6 	1.000002
0.6066667 	1.000002
0.6133333 	1.000002
0.62 	1.000002
0.6266667 	1.000002
0.6333333 	1.000002
0.64 	1.000002
0.6466667 	1.000002
0.6533333 	1.000002
0.66 	1.000002
0.6666667 	1.000002
0.6733333 	1.000002
0.68 	1.000002
0.6866667 	1.000001
0.6933333 	1.000001
0.7 	1.000001
0.7066667 	1.000001
0.7133333 	1.000001
0.72 	1.000001
0.7266667 	1.000001
0.7333333 	1.000001
0.74 	1.000001
0.7466667 	1.000001
0.7533333 	1.000001
0.76 	1
0.7666667 	1
0.7733333 	0.9999986
0.78 	0.9999969
0.7866667 	0.9999952
0.7933333 	0.9999935
0.8 	0.9999917
0.8066667 	0.9968811
0.8133333 	0.9937705
0.82 	0.9906598
0.8266667 	0.9875492
0.8333333 	0.9844386
0.84 	0.8931283
0.8466667 	0.801818
0.8533333 	0.7105078
0.86 	0.6191975
0.8666667 	0.5278872
0.8733333 	0.4310829
0.88 	0.3342785
0.8866667 	0.2374741
0.8933333 	0.1406698
0.9 	0.04386542
0.9066667 	0.03517743
0.9133333 	0.02648943
0.92 	0.01780143
0.9266667 	0.009113435
0.9333333 	0.0004254387
0.94 	0.0003404262
0.9466667 	0.0002554138
0.9533333 	0.0001704013
0.96 	8.538885e-05
0.9666667 	3.76388e-07
0.9733333 	3.011138e-07
0.98 	2.258402e-07
0.9866667 	1.505665e-07
0.9933333 	7.529277e-08
1 	1.90795e-11
1.006667 	1.526368e-11
1.013333 	1.144787e-11
1.02 	7.632062e-12
1.026667 	3.81625e-12
1.033333 	4.389074e-16
1.04 	3.511277e-16
1.046667 	2.63348e-16
1.053333 	1.755683e-16
1.06 	8.778864e-17
1.066667 	8.953499e-21
1.073333 	7.159319e-21
1.08 	5.369529e-21
1.086667 	3.579738e-21
1.093333 	1.789948e-21
1.1 	1.57569e-25
1.106667 	1.260557e-25
1.113333 	9.45424e-26
1.12 	6.302907e-26
1.126667 	3.151575e-26
1.133333 	2.426316e-30
1.14 	1.94106e-30
1.146667 	1.455803e-30
1.153333 	9.705463e-31
1.16 	4.852897e-31
1.166667 	3.303195e-35
1.173333 	2.640623e-35
1.18 	1.980477e-35
1.186667 	1.320332e-35
1.193333 	6.601858e-36
1.2 	4.007315e-40
1.206667 	3.205861e-40
1.213333 	2.404407e-40
1.22 	1.602952e-40
1.226667 	8.014981e-41
1.233333 	4.388299e-45
1.24 	3.510648e-45
1.246667 	2.632997e-45
1.253333 	1.755346e-45
1.26 	8.776948e-46
1.266667 	4.38651e-50
1.273333 	3.505706e-50
1.28 	2.629289e-50
1.286667 	1.752873e-50
1.293333 	8.764567e-51
1.3 	4.036e-55
1.306667 	3.228807e-55
1.313333 	2.421614e-55
1.32 	1.614421e-55
1.326667 	8.072277e-56
1.333333 	3.47352e-60
1.34 	2.778821e-60
1.346667 	2.084123e-60
1.353333 	1.389425e-60
1.36 	6.947267e-61
1.366667 	2.844022e-65
1.373333 	2.272443e-65
1.38 	1.704338e-65
1.386667 	1.136233e-65
1.393333 	5.681278e-66
1.4 	2.255384e-70
1.406667 	1.804311e-70
1.413333 	1.353238e-70
1.42 	9.021644e-71
1.426667 	4.510911e-71
1.433333 	1.786148e-75
1.44 	1.428921e-75
1.446667 	1.071694e-75
1.453333 	7.144678e-76
1.46 	3.572412e-76
1.466667 	1.452265e-80
1.473333 	1.160385e-80
1.48 	8.702921e-81
1.486667 	5.801988e-81
1.493333 	2.901056e-81
1.5 	1.229948e-85
1.506667 	9.839605e-86
1.513333 	7.379731e-86
1.52 	4.919857e-86
1.526667 	2.459983e-86
1.533333 	1.089474e-90
1.54 	8.715814e-91
1.546667 	6.536885e-91
1.553333 	4.357956e-91
1.56 	2.179028e-91
1.566667 	9.930679e-96
1.573333 	7.935846e-96
1.58 	5.951907e-96
1.586667 	3.967968e-96
1.593333 	1.98403e-96
1.6 	9.082271e-101
1.606667 	7.265833e-101
1.613333 	5.449395e-101
1.62 	3.632957e-101
1.626667 	1.81652e-101
1.633333 	8.205223e-106
1.64 	6.564193e-106
1.646667 	4.923163e-106
1.653333 	3.282133e-106
1.66 	1.641102e-106
1.666667 	7.230294e-111
1.673333 	5.777683e-111
1.68 	4.333278e-111
1.686667 	2.888872e-111
1.693333 	1.444467e-111
1.7 	6.148104e-116
1.706667 	4.918493e-116
1.713333 	3.688883e-116
1.72 	2.459272e-116
1.726667 	1.229661e-116
1.733333 	5.044844e-121
1.74 	4.035883e-121
1.746667 	3.026922e-121
1.753333 	2.017961e-121
1.76 	1.009001e-121
1.766667 	3.990068e-126
1.773333 	3.188025e-126
1.78 	2.391026e-126
1.786667 	1.594028e-126
1.793333 	7.970289e-127
1.8 	3.029865e-131
1.806667 	2.423896e-131
1.813333 	1.817928e-131
1.82 	1.211959e-131
1.826667 	6.059907e-132
1.833333 	2.219071e-136
1.84 	1.77526e-136
1.846667 	1.331449e-136
1.853333 	8.876377e-137
1.86 	4.438267e-137
1.866667 	1.569601e-141
1.873333 	1.253907e-141
1.88 	9.404332e-142
1.886667 	6.269591e-142
1.893333 	3.134849e-142
1.9 	1.069319e-146
1.906667 	8.555437e-147
1.913333 	6.417689e-147
1.92 	4.279941e-147
1.926667 	2.142194e-147
1.933333 	4.445921e-150
1.94 	3.599689e-150
1.946667 	2.753458e-150
1.953333 	1.907226e-150
1.96 	1.060994e-150
1.966667 	2.147627e-151
1.973333 	1.746816e-151
1.98 	1.346007e-151
1.986667 	9.451971e-152
1.993333 	5.443874e-152
2 	1.435777e-152
