0 	1.000003
0.006666667 	1.000003
0.01333333 	1.000003
0.02 	1.000003
0.02666667 	1.000004
0.03333333 	1.000004
0.04 	1.000004
0.04666667 	1.000004
0.05333333 	1.000004
0.06 	1.000004
0.06666667 	1.000004
0.07333333 	1.000004
0.08 	1.000003
0.08666667 	1.000003
0.09333333 	1.000002
0.1 	1.000001
0.1066667 	1.000001
0.1133333 	1.000001
0.12 	1.000001
0.1266667 	1.000001
0.1333333 	1.000001
0.14 	1.000001
0.1466667 	1.000001
0.1533333 	1.000002
0.16 	1.000002
0.1666667 	1.000002
0.1733333 	1.000002
0.18 	1.000001
0.1866667 	1.000001
0.1933333 	1
0.2 	1
0.2066667 	0.9999997
0.2133333 	0.9999994
0.22 	0.9999991
0.2266667 	0.9999987
0.2333333 	0.9999984
0.24 	0.9999986
0.2466667 	0.9999987
0.2533333 	0.9999988
0.26 	0.999999
0.2666667 	0.9999991
0.2733333 	0.9999992
0.28 	0.9999994
0.2866667 	0.9999995
0.2933333 	0.9999996
0.3 	0.9999998
0.3066667 	1
0.3133333 	1
0.32 	1.000001
0.3266667 	1.000001
0.3333333 	1.000001
0.34 	1.000001
0.3466667 	1.000001
0.3533333 	1.000001
0.36 	1.000001
0.3666667 	1.000001
0.3733333 	1.000001
0.38 	1
0.3866667 	0.9999996
0.3933333 	0.9999991
0.4 	0.9999987
0.4066667 	0.999999
0.4133333 	0.9999994
0.42 	0.9999998
0.4266667 	1
0.4333333 	1.000001
0.44 	1.000001
0.4466667 	1.000002
0.4533333 	1.000003
0.46 	1.000003
0.4666667 	1.000004
0.4733333 	1.000005
0.48 	1.000005
0.4866667 	1.000006
0.4933333 	1.000006
0.5 	1.000006
0.5066667 	1.000007
0.5133333 	1.000007
0.52 	1.000007
0.5266667 	1.000007
0.5333333 	1.000008
0.54 	1.000008
0.5466667 	1.000008
0.5533333 	1.000009
0.56 	1.000009
0.5666667 	1.000009
0.5733333 	1.000009
0.58 	1.000009
0.5866667 	1.000009
0.5933333 	1.000009
0.6 	1.000009
0.6066667 	1.000009
0.6133333 	1.000009
0.62 	1.000009
0.6266667 	1.000009
0.6333333 	1.000008
0.64 	1.000008
0.6466667 	1.000008
0.6533333 	1.000007
0.66 	1.000007
0.6666667 	1.000007
0.6733333 	1.000006
0.68 	1.000005
0.6866667 	1.000005
0.6933333 	1.000004
0.7 	1.000003
0.7066667 	1.000003
0.7133333 	1.000002
0.72 	1.000002
0.7266667 	1.000001
0.7333333 	1.000001
0.74 	0.9999992
0.7466667 	0.9999974
0.7533333 	0.9999957
0.76 	0.999994
0.7666667 	0.9999922
0.7733333 	0.9999715
0.78 	0.9999509
0.7866667 	0.9999302
0.7933333 	0.9999095
0.8 	0.9998888
0.8066667 	0.9992994
0.8133333 	0.9987101
0.82 	0.9981207
0.8266667 	0.9975313
0.8333333 	0.996942
0.84 	0.9830338
0.8466667 	0.9691257
0.8533333 	0.9552176
0.86 	0.9413094
0.8666667 	0.9274013
0.8733333 	0.8553311
0.88 	0.7832608
0.8866667 	0.7111905
0.8933333 	0.6391203
0.9 	0.56705
0.9066667 	0.4820431
0.9133333 	0.3970362
0.92 	0.3120293
0.9266667 	0.2270223
0.9333333 	0.1420154
0.94 	0.1147184
0.9466667 	0.08742136
0.9533333 	0.06012433
0.96 	0.0328273
0.9666667 	0.005530277
0.9733333 	0.004466706
0.98 	0.003403135
0.9866667 	0.002339564
0.9933333 	0.001275993
1 	0.000212422
1.006667 	0.0001705938
1.013333 	0.0001287655
1.02 	8.693718e-05
1.026667 	4.51089e-05
1.033333 	3.28061e-06
1.04 	2.625621e-06
1.046667 	1.970631e-06
1.053333 	1.315642e-06
1.06 	6.606531e-07
1.066667 	5.663967e-09
1.073333 	4.531299e-09
1.08 	3.398664e-09
1.086667 	2.266029e-09
1.093333 	1.133394e-09
1.1 	7.583668e-13
1.106667 	6.067439e-13
1.113333 	4.551209e-13
1.12 	3.034979e-13
1.126667 	1.51875e-13
1.133333 	2.519877e-16
1.14 	2.018379e-16
1.146667 	1.516881e-16
1.153333 	1.015383e-16
1.16 	5.138844e-17
1.166667 	1.238608e-18
1.173333 	9.911967e-19
1.18 	7.437875e-19
1.186667 	4.963782e-19
1.193333 	2.489689e-19
1.2 	1.559667e-21
1.206667 	1.247779e-21
1.213333 	9.35891e-22
1.22 	6.240031e-22
1.226667 	3.121152e-22
1.233333 	2.273338e-25
1.24 	1.818693e-25
1.246667 	1.364048e-25
1.253333 	9.094034e-26
1.26 	4.547585e-26
1.266667 	1.136735e-29
1.273333 	9.092155e-30
1.28 	6.819233e-30
1.286667 	4.546312e-30
1.293333 	2.27339e-30
1.3 	4.676905e-34
1.306667 	3.741556e-34
1.313333 	2.806207e-34
1.32 	1.870858e-34
1.326667 	9.355096e-35
1.333333 	1.607973e-38
1.34 	1.286388e-38
1.346667 	9.648028e-39
1.353333 	6.432175e-39
1.36 	3.216322e-39
1.366667 	4.688319e-43
1.373333 	3.749393e-43
1.38 	2.812074e-43
1.386667 	1.874755e-43
1.393333 	9.374367e-44
1.4 	1.180206e-47
1.406667 	9.4417e-48
1.413333 	7.081341e-48
1.42 	4.720981e-48
1.426667 	2.360622e-48
1.433333 	2.623812e-52
1.44 	2.09906e-52
1.446667 	1.574308e-52
1.453333 	1.049556e-52
1.46 	5.248044e-53
1.466667 	5.260265e-57
1.473333 	4.206132e-57
1.48 	3.154623e-57
1.486667 	2.103114e-57
1.493333 	1.051606e-57
1.5 	9.657241e-62
1.506667 	7.725825e-62
1.513333 	5.79441e-62
1.52 	3.862994e-62
1.526667 	1.931579e-62
1.533333 	1.63711e-66
1.54 	1.309694e-66
1.546667 	9.822766e-67
1.553333 	6.548597e-67
1.56 	3.274428e-67
1.566667 	2.59569e-71
1.573333 	2.07525e-71
1.58 	1.556447e-71
1.586667 	1.037645e-71
1.593333 	5.188418e-72
1.6 	3.89443e-76
1.606667 	3.115555e-76
1.613333 	2.336681e-76
1.62 	1.557806e-76
1.626667 	7.789311e-77
1.633333 	5.642321e-81
1.64 	4.513873e-81
1.646667 	3.385425e-81
1.653333 	2.256977e-81
1.66 	1.128529e-81
1.666667 	8.048444e-86
1.673333 	6.434264e-86
1.68 	4.825727e-86
1.686667 	3.217189e-86
1.693333 	1.608652e-86
1.7 	1.14531e-90
1.706667 	9.162513e-91
1.713333 	6.871926e-91
1.72 	4.581338e-91
1.726667 	2.290751e-91
1.733333 	1.640833e-95
1.74 	1.312671e-95
1.746667 	9.84509e-96
1.753333 	6.563472e-96
1.76 	3.281854e-96
1.766667 	2.352907e-100
1.773333 	1.881019e-100
1.78 	1.410773e-100
1.786667 	9.405264e-101
1.793333 	4.702798e-101
1.8 	3.327224e-105
1.806667 	2.661788e-105
1.813333 	1.996352e-105
1.82 	1.330917e-105
1.826667 	6.654814e-106
1.833333 	4.59574e-110
1.84 	3.676605e-110
1.846667 	2.757469e-110
1.853333 	1.838333e-110
1.86 	9.191973e-111
1.866667 	6.15122e-115
1.873333 	4.917316e-115
1.88 	3.688007e-115
1.886667 	2.458698e-115
1.893333 	1.229388e-115
1.9 	7.941405e-120
1.906667 	6.353144e-120
1.913333 	4.764882e-120
1.92 	3.176621e-120
1.926667 	1.58836e-120
1.933333 	9.921778e-125
1.94 	7.937446e-125
1.946667 	5.953115e-125
1.953333 	3.968783e-125
1.96 	1.984452e-125
1.966667 	1.204316e-129
1.973333 	9.62659e-130
1.98 	7.219943e-130
1.986667 	4.813295e-130
1.993333 	2.406648e-130
2 	2.725354e-142
