0 	1.000003
0.006666667 	1.000003
0.01333333 	1.000004
0.02 	1.000004
0.02666667 	1.000004
0.03333333 	1.000005
0.04 	1.000005
0.04666667 	1.000005
0.05333333 	1.000005
0.06 	1.000005
0.06666667 	1.000006
0.07333333 	1.000006
0.08 	1.000005
0.08666667 	1.000005
0.09333333 	1.000005
0.1 	1.000005
0.1066667 	1.000005
0.1133333 	1.000005
0.12 	1.000005
0.1266667 	1.000005
0.1333333 	1.000005
0.14 	1.000005
0.1466667 	1.000005
0.1533333 	1.000005
0.16 	1.000005
0.1666667 	1.000005
0.1733333 	1.000005
0.18 	1.000005
0.1866667 	1.000005
0.1933333 	1.000005
0.2 	1.000005
0.2066667 	1.000005
0.2133333 	1.000005
0.22 	1.000005
0.2266667 	1.000005
0.2333333 	1.000005
0.24 	1.000005
0.2466667 	1.000005
0.2533333 	1.000005
0.26 	1.000005
0.2666667 	1.000005
0.2733333 	1.000005
0.28 	1.000005
0.2866667 	1.000005
0.2933333 	1.000005
0.3 	1.000005
0.3066667 	1.000005
0.3133333 	1.000005
0.32 	1.000005
0.3266667 	1.000005
0.3333333 	1.000005
0.34 	1.000005
0.3466667 	1.000005
0.3533333 	1.000005
0.36 	1.000005
0.3666667 	1.000005
0.3733333 	1.000005
0.38 	1.000005
0.3866667 	1.000005
0.3933333 	1.000005
0.4 	1.000005
0.4066667 	1.000005
0.4133333 	1.000005
0.42 	1.000004
0.4266667 	1.000004
0.4333333 	1.000004
0.44 	1.000004
0.4466667 	1.000004
0.4533333 	1.000004
0.46 	1.000004
0.4666667 	1.000004
0.4733333 	1.000004
0.48 	1.000004
0.4866667 	1.000004
0.4933333 	1.000004
0.5 	1.000003
0.5066667 	1.000003
0.5133333 	1.000003
0.52 	1.000003
0.5266667 	1.000003
0.5333333 	1.000003
0.54 	1.000003
0.5466667 	1.000003
0.5533333 	1.000003
0.56 	1.000003
0.5666667 	1.000003
0.5733333 	1.000003
0.58 	1.000003
0.5866667 	1.000002
0.5933333 	1.000002
0.6 	1.000002
0.6066667 	1.000002
0.6133333 	1.000002
0.62 	1.000002
0.6266667 	1.000002
0.6333333 	1.000002
0.64 	1.000002
0.6466667 	1.000002
0.6533333 	1.000002
0.66 	1.000002
0.6666667 	1.000002
0.6733333 	1.000001
0.68 	1.000001
0.6866667 	1.000001
0.6933333 	1.000001
0.7 	1.000001
0.7066667 	1.000001
0.7133333 	1.000001
0.72 	1.000001
0.7266667 	1.000001
0.7333333 	1.000001
0.74 	1.000001
0.7466667 	1.000001
0.7533333 	1.000001
0.76 	1
0.7666667 	1
0.7733333 	0.9999984
0.78 	0.9999965
0.7866667 	0.9999945
0.7933333 	0.9999926
0.8 	0.9999906
0.8066667 	0.9965241
0.8133333 	0.9930577
0.82 	0.9895912
0.8266667 	0.9861247
0.8333333 	0.9826583
0.84 	0.8868308
0.8466667 	0.7910033
0.8533333 	0.6951758
0.86 	0.5993483
0.8666667 	0.5035209
0.8733333 	0.4070087
0.88 	0.3104965
0.8866667 	0.2139843
0.8933333 	0.1174721
0.9 	0.02095994
0.9066667 	0.0167893
0.9133333 	0.01261866
0.92 	0.008448015
0.9266667 	0.004277373
0.9333333 	0.0001067315
0.94 	8.538987e-05
0.9466667 	6.404827e-05
0.9533333 	4.270667e-05
0.96 	2.136508e-05
0.9666667 	2.347889e-08
0.9733333 	1.878311e-08
0.98 	1.408742e-08
0.9866667 	9.391743e-09
0.9933333 	4.696061e-09
1 	3.798718e-13
1.006667 	3.038984e-13
1.013333 	2.27925e-13
1.02 	1.519516e-13
1.026667 	7.597818e-14
1.033333 	4.776556e-18
1.04 	3.821255e-18
1.046667 	2.865954e-18
1.053333 	1.910653e-18
1.06 	9.553516e-19
1.066667 	5.0543e-23
1.073333 	4.039628e-23
1.08 	3.029733e-23
1.086667 	2.019837e-23
1.093333 	1.009942e-23
1.1 	4.607334e-28
1.106667 	3.685875e-28
1.113333 	2.764416e-28
1.12 	1.842956e-28
1.126667 	9.214971e-29
1.133333 	3.787682e-33
1.14 	3.030152e-33
1.146667 	2.272621e-33
1.153333 	1.515091e-33
1.16 	7.575599e-34
1.166667 	2.929595e-38
1.173333 	2.34065e-38
1.18 	1.755493e-38
1.186667 	1.170336e-38
1.193333 	5.851792e-39
1.2 	2.228731e-43
1.206667 	1.782989e-43
1.213333 	1.337246e-43
1.22 	8.915031e-44
1.226667 	4.457604e-44
1.233333 	1.776248e-48
1.24 	1.421002e-48
1.246667 	1.065755e-48
1.253333 	7.105087e-49
1.26 	3.552621e-49
1.266667 	1.55998e-53
1.273333 	1.246566e-53
1.28 	9.349282e-54
1.286667 	6.232905e-54
1.293333 	3.116528e-54
1.3 	1.516254e-58
1.306667 	1.213006e-58
1.313333 	9.097586e-59
1.32 	6.06511e-59
1.326667 	3.032633e-59
1.333333 	1.57465e-63
1.34 	1.259723e-63
1.346667 	9.447967e-64
1.353333 	6.2987e-64
1.36 	3.149433e-64
1.366667 	1.661311e-68
1.373333 	1.327793e-68
1.38 	9.958487e-69
1.386667 	6.639048e-69
1.393333 	3.31961e-69
1.4 	1.712413e-73
1.406667 	1.369934e-73
1.413333 	1.027454e-73
1.42 	6.849752e-74
1.426667 	3.424961e-74
1.433333 	1.695696e-78
1.44 	1.35656e-78
1.446667 	1.017424e-78
1.453333 	6.782879e-79
1.46 	3.391519e-79
1.466667 	1.599426e-83
1.473333 	1.278187e-83
1.48 	9.586437e-84
1.486667 	6.391006e-84
1.493333 	3.195574e-84
1.5 	1.428135e-88
1.506667 	1.14251e-88
1.513333 	8.568856e-89
1.52 	5.712611e-89
1.526667 	2.856366e-89
1.533333 	1.210479e-93
1.54 	9.683853e-94
1.546667 	7.262914e-94
1.553333 	4.841975e-94
1.56 	2.421036e-94
1.566667 	9.749406e-99
1.573333 	7.789856e-99
1.58 	5.842411e-99
1.586667 	3.894965e-99
1.593333 	1.94752e-99
1.6 	7.443949e-104
1.606667 	5.95517e-104
1.613333 	4.466391e-104
1.62 	2.977612e-104
1.626667 	1.488833e-104
1.633333 	5.416361e-109
1.64 	4.333096e-109
1.646667 	3.249832e-109
1.653333 	2.166567e-109
1.66 	1.083302e-109
1.666667 	3.761724e-114
1.673333 	3.005051e-114
1.68 	2.253795e-114
1.686667 	1.502538e-114
1.693333 	7.512814e-115
1.7 	2.486362e-119
1.706667 	1.989092e-119
1.713333 	1.491823e-119
1.72 	9.945541e-120
1.726667 	4.972849e-120
1.733333 	1.573148e-124
1.74 	1.25852e-124
1.746667 	9.438927e-125
1.753333 	6.29265e-125
1.76 	3.146373e-125
1.766667 	9.543309e-130
1.773333 	7.622073e-130
1.78 	5.716569e-130
1.786667 	3.811064e-130
1.793333 	1.90556e-130
1.8 	5.529215e-135
1.806667 	4.423378e-135
1.813333 	3.317541e-135
1.82 	2.211705e-135
1.826667 	1.105868e-135
1.833333 	3.078318e-140
1.84 	2.462657e-140
1.846667 	1.846997e-140
1.853333 	1.231337e-140
1.86 	6.156767e-141
1.866667 	1.648961e-145
1.873333 	1.316716e-145
1.88 	9.875481e-146
1.886667 	6.583807e-146
1.893333 	3.292133e-146
1.9 	4.59304e-150
1.906667 	3.720432e-150
1.913333 	2.847825e-150
1.92 	1.975217e-150
1.926667 	1.102609e-150
1.933333 	2.300017e-151
1.94 	1.855574e-151
1.946667 	1.41113e-151
1.953333 	9.66687e-152
1.96 	5.222435e-152
1.966667 	7.780006e-153
1.973333 	6.301263e-153
1.98 	4.822522e-153
1.986667 	3.343782e-153
1.993333 	1.865041e-153
2 	3.863004e-154
