0 	0.9999522
0.006666667 	0.9999546
0.01333333 	0.999957
0.02 	0.9999593
0.02666667 	0.9999617
0.03333333 	0.9999641
0.04 	0.9999671
0.04666667 	0.99997
0.05333333 	0.999973
0.06 	0.999976
0.06666667 	0.9999789
0.07333333 	0.9999781
0.08 	0.9999773
0.08666667 	0.9999765
0.09333333 	0.9999757
0.1 	0.9999749
0.1066667 	0.9999698
0.1133333 	0.9999647
0.12 	0.9999595
0.1266667 	0.9999544
0.1333333 	0.9999493
0.14 	0.9999439
0.1466667 	0.9999386
0.1533333 	0.9999332
0.16 	0.9999278
0.1666667 	0.9999225
0.1733333 	0.9999192
0.18 	0.9999159
0.1866667 	0.9999125
0.1933333 	0.9999092
0.2 	0.9999059
0.2066667 	0.9999023
0.2133333 	0.9998987
0.22 	0.9998952
0.2266667 	0.9998916
0.2333333 	0.999888
0.24 	0.9998913
0.2466667 	0.9998946
0.2533333 	0.9998979
0.26 	0.9999012
0.2666667 	0.9999045
0.2733333 	0.9999151
0.28 	0.9999258
0.2866667 	0.9999365
0.2933333 	0.9999472
0.3 	0.9999578
0.3066667 	0.9999644
0.3133333 	0.999971
0.32 	0.9999775
0.3266667 	0.9999841
0.3333333 	0.9999907
0.34 	0.9999905
0.3466667 	0.9999904
0.3533333 	0.9999902
0.36 	0.99999
0.3666667 	0.9999899
0.3733333 	0.9999846
0.38 	0.9999793
0.3866667 	0.9999741
0.3933333 	0.9999688
0.4 	0.9999635
0.4066667 	0.9999587
0.4133333 	0.9999538
0.42 	0.999949
0.4266667 	0.9999441
0.4333333 	0.9999393
0.44 	0.9999437
0.4466667 	0.9999482
0.4533333 	0.9999526
0.46 	0.9999571
0.4666667 	0.9999615
0.4733333 	0.9999677
0.48 	0.9999739
0.4866667 	0.9999801
0.4933333 	0.9999863
0.5 	0.9999925
0.5066667 	0.9999935
0.5133333 	0.9999945
0.52 	0.9999955
0.5266667 	0.9999964
0.5333333 	0.9999974
0.54 	0.9999959
0.5466667 	0.9999943
0.5533333 	0.9999927
0.56 	0.9999911
0.5666667 	0.9999895
0.5733333 	0.9999855
0.58 	0.9999816
0.5866667 	0.9999776
0.5933333 	0.9999736
0.6 	0.9999696
0.6066667 	0.9999677
0.6133333 	0.9999658
0.62 	0.9999638
0.6266667 	0.9999619
0.6333333 	0.99996
0.64 	0.9999635
0.6466667 	0.9999669
0.6533333 	0.9999704
0.66 	0.9999739
0.6666667 	0.9999774
0.6733333 	0.9999809
0.68 	0.9999843
0.6866667 	0.9999878
0.6933333 	0.9999913
0.7 	0.9999947
0.7066667 	0.9999526
0.7133333 	0.9999104
0.72 	0.9998682
0.7266667 	0.9998261
0.7333333 	0.9997839
0.74 	0.9961363
0.7466667 	0.9924888
0.7533333 	0.9888412
0.76 	0.9851937
0.7666667 	0.9815461
0.7733333 	0.9391338
0.78 	0.8967214
0.7866667 	0.854309
0.7933333 	0.8118967
0.8 	0.7694843
0.8066667 	0.6780825
0.8133333 	0.5866807
0.82 	0.4952789
0.8266667 	0.4038771
0.8333333 	0.3124753
0.84 	0.255025
0.8466667 	0.1975748
0.8533333 	0.1401246
0.86 	0.08267433
0.8666667 	0.02522409
0.8733333 	0.02027558
0.88 	0.01532708
0.8866667 	0.01037857
0.8933333 	0.005430062
0.9 	0.0004815545
0.9066667 	0.0003870769
0.9133333 	0.0002925993
0.92 	0.0001981218
0.9266667 	0.0001036442
0.9333333 	9.166567e-06
0.94 	7.366902e-06
0.9466667 	5.567236e-06
0.9533333 	3.767571e-06
0.96 	1.967905e-06
0.9666667 	1.682393e-07
0.9733333 	1.356544e-07
0.98 	1.030696e-07
0.9866667 	7.048473e-08
0.9933333 	3.789987e-08
1 	5.315018e-09
1.006667 	4.264981e-09
1.013333 	3.214944e-09
1.02 	2.164907e-09
1.026667 	1.114869e-09
1.033333 	6.483217e-11
1.04 	5.192075e-11
1.046667 	3.900933e-11
1.053333 	2.609791e-11
1.06 	1.31865e-11
1.066667 	2.750796e-13
1.073333 	2.201029e-13
1.08 	1.651269e-13
1.086667 	1.101509e-13
1.093333 	5.517483e-14
1.1 	1.987921e-16
1.106667 	1.598009e-16
1.113333 	1.208097e-16
1.12 	8.181841e-17
1.126667 	4.282716e-17
1.133333 	3.835916e-18
1.14 	3.178517e-18
1.146667 	2.521118e-18
1.153333 	1.86372e-18
1.16 	1.206321e-18
1.166667 	5.48922e-19
1.173333 	4.598009e-19
1.18 	3.706797e-19
1.186667 	2.815586e-19
1.193333 	1.924374e-19
1.2 	1.033163e-19
1.206667 	8.620256e-20
1.213333 	6.908886e-20
1.22 	5.197516e-20
1.226667 	3.486146e-20
1.233333 	1.774776e-20
1.24 	1.451823e-20
1.246667 	1.12887e-20
1.253333 	8.059168e-21
1.26 	4.829639e-21
1.266667 	1.600109e-21
1.273333 	1.293373e-21
1.28 	9.866375e-22
1.286667 	6.799017e-22
1.293333 	3.731659e-22
1.3 	6.643009e-23
1.306667 	5.328436e-23
1.313333 	4.013862e-23
1.32 	2.699289e-23
1.326667 	1.384715e-23
1.333333 	7.014154e-25
1.34 	5.613632e-25
1.346667 	4.21311e-25
1.353333 	2.812588e-25
1.36 	1.412066e-25
1.366667 	1.154335e-27
1.373333 	9.235141e-28
1.38 	6.927001e-28
1.386667 	4.618861e-28
1.393333 	2.310722e-28
1.4 	2.581694e-31
1.406667 	2.065391e-31
1.413333 	1.549087e-31
1.42 	1.032784e-31
1.426667 	5.164806e-32
1.433333 	1.772962e-35
1.44 	1.418389e-35
1.446667 	1.063817e-35
1.453333 	7.092448e-36
1.46 	3.546725e-36
1.466667 	1.001589e-39
1.473333 	8.011385e-40
1.48 	6.008653e-40
1.486667 	4.005921e-40
1.493333 	2.00319e-40
1.5 	4.577719e-44
1.506667 	3.66221e-44
1.513333 	2.7467e-44
1.52 	1.831191e-44
1.526667 	9.156813e-45
1.533333 	1.71848e-48
1.54 	1.374794e-48
1.546667 	1.031109e-48
1.553333 	6.874243e-49
1.56 	3.437392e-49
1.566667 	5.406041e-53
1.573333 	4.323487e-53
1.58 	3.242652e-53
1.586667 	2.161817e-53
1.593333 	1.080982e-53
1.6 	1.462963e-57
1.606667 	1.170377e-57
1.613333 	8.777916e-58
1.62 	5.85206e-58
1.626667 	2.926204e-58
1.633333 	3.489995e-62
1.64 	2.792011e-62
1.646667 	2.094027e-62
1.653333 	1.396043e-62
1.66 	6.980587e-63
1.666667 	7.4656e-67
1.673333 	5.969717e-67
1.68 	4.477324e-67
1.686667 	2.984931e-67
1.693333 	1.492538e-67
1.7 	1.445319e-71
1.706667 	1.156261e-71
1.713333 	8.672018e-72
1.72 	5.781431e-72
1.726667 	2.890843e-72
1.733333 	2.556009e-76
1.74 	2.044816e-76
1.746667 	1.533622e-76
1.753333 	1.022429e-76
1.76 	5.112351e-77
1.766667 	4.165671e-81
1.773333 	3.330504e-81
1.78 	2.497894e-81
1.786667 	1.665284e-81
1.793333 	8.326734e-82
1.8 	6.314026e-86
1.806667 	5.051239e-86
1.813333 	3.788452e-86
1.82 	2.525665e-86
1.826667 	1.262878e-86
1.833333 	9.074254e-91
1.84 	7.259428e-91
1.846667 	5.444602e-91
1.853333 	3.629776e-91
1.86 	1.814951e-91
1.866667 	1.248978e-95
1.873333 	9.984599e-96
1.88 	7.48849e-96
1.886667 	4.992382e-96
1.893333 	2.496274e-96
1.9 	1.660424e-100
1.906667 	1.328344e-100
1.913333 	9.962631e-101
1.92 	6.641825e-101
1.926667 	3.321018e-101
1.933333 	2.11955e-105
1.94 	1.695645e-105
1.946667 	1.271741e-105
1.953333 	8.478359e-106
1.96 	4.239311e-106
1.966667 	2.634622e-110
1.973333 	2.106002e-110
1.98 	1.579501e-110
1.986667 	1.053001e-110
1.993333 	5.265005e-111
2 	6.137596e-123
