0 	0.9999453
0.006666667 	0.9999422
0.01333333 	0.9999391
0.02 	0.999936
0.02666667 	0.9999329
0.03333333 	0.9999298
0.04 	0.9999277
0.04666667 	0.9999256
0.05333333 	0.9999235
0.06 	0.9999214
0.06666667 	0.9999193
0.07333333 	0.9999204
0.08 	0.9999216
0.08666667 	0.9999227
0.09333333 	0.9999239
0.1 	0.999925
0.1066667 	0.999926
0.1133333 	0.9999271
0.12 	0.9999281
0.1266667 	0.9999292
0.1333333 	0.9999302
0.14 	0.9999324
0.1466667 	0.9999346
0.1533333 	0.9999369
0.16 	0.9999391
0.1666667 	0.9999413
0.1733333 	0.9999431
0.18 	0.9999448
0.1866667 	0.9999465
0.1933333 	0.9999483
0.2 	0.99995
0.2066667 	0.9999508
0.2133333 	0.9999515
0.22 	0.9999523
0.2266667 	0.9999531
0.2333333 	0.9999539
0.24 	0.9999556
0.2466667 	0.9999572
0.2533333 	0.9999589
0.26 	0.9999606
0.2666667 	0.9999623
0.2733333 	0.999964
0.28 	0.9999658
0.2866667 	0.9999675
0.2933333 	0.9999693
0.3 	0.999971
0.3066667 	0.9999701
0.3133333 	0.9999691
0.32 	0.9999682
0.3266667 	0.9999672
0.3333333 	0.9999663
0.34 	0.9999641
0.3466667 	0.9999619
0.3533333 	0.9999597
0.36 	0.9999575
0.3666667 	0.9999553
0.3733333 	0.9999542
0.38 	0.999953
0.3866667 	0.9999519
0.3933333 	0.9999508
0.4 	0.9999496
0.4066667 	0.9999475
0.4133333 	0.9999454
0.42 	0.9999433
0.4266667 	0.9999412
0.4333333 	0.9999391
0.44 	0.999935
0.4466667 	0.9999309
0.4533333 	0.9999268
0.46 	0.9999226
0.4666667 	0.9999185
0.4733333 	0.9999186
0.48 	0.9999187
0.4866667 	0.9999189
0.4933333 	0.999919
0.5 	0.9999191
0.5066667 	0.9999275
0.5133333 	0.9999359
0.52 	0.9999444
0.5266667 	0.9999528
0.5333333 	0.9999612
0.54 	0.9999715
0.5466667 	0.9999819
0.5533333 	0.9999923
0.56 	1.000003
0.5666667 	1.000013
0.5733333 	1.000011
0.58 	1.00001
0.5866667 	1.000008
0.5933333 	1.000007
0.6 	1.000005
0.6066667 	0.9999944
0.6133333 	0.9999833
0.62 	0.9999722
0.6266667 	0.9999612
0.6333333 	0.9999501
0.64 	0.9999515
0.6466667 	0.9999529
0.6533333 	0.9999543
0.66 	0.9999557
0.6666667 	0.9999571
0.6733333 	0.999962
0.68 	0.999967
0.6866667 	0.999972
0.6933333 	0.999977
0.7 	0.999982
0.7066667 	0.9999842
0.7133333 	0.9999865
0.72 	0.9999887
0.7266667 	0.9999909
0.7333333 	0.9999932
0.74 	0.9999932
0.7466667 	0.9999932
0.7533333 	0.9999933
0.76 	0.9999933
0.7666667 	0.9999933
0.7733333 	0.9999361
0.78 	0.9998789
0.7866667 	0.9998218
0.7933333 	0.9997646
0.8 	0.9997074
0.8066667 	0.9875813
0.8133333 	0.9754553
0.82 	0.9633292
0.8266667 	0.9512032
0.8333333 	0.9390771
0.84 	0.8396562
0.8466667 	0.7402353
0.8533333 	0.6408144
0.86 	0.5413935
0.8666667 	0.4419726
0.8733333 	0.3541012
0.88 	0.2662298
0.8866667 	0.1783584
0.8933333 	0.09048703
0.9 	0.00261564
0.9066667 	0.002092517
0.9133333 	0.001569394
0.92 	0.00104627
0.9266667 	0.0005231471
0.9333333 	2.37789e-08
0.94 	1.902313e-08
0.9466667 	1.426735e-08
0.9533333 	9.511572e-09
0.96 	4.755796e-09
0.9666667 	1.975575e-14
0.9733333 	1.578558e-14
0.98 	1.183919e-14
0.9866667 	7.8928e-15
0.9933333 	3.946408e-15
1 	1.556032e-20
1.006667 	1.244826e-20
1.013333 	9.336198e-21
1.02 	6.224135e-21
1.026667 	3.112073e-21
1.033333 	1.089917e-26
1.04 	8.719341e-27
1.046667 	6.539507e-27
1.053333 	4.359674e-27
1.06 	2.17984e-27
1.066667 	6.568271e-33
1.073333 	5.167425e-33
1.08 	3.875569e-33
1.086667 	2.583714e-33
1.093333 	1.291858e-33
1.1 	3.092255e-39
1.106667 	2.473804e-39
1.113333 	1.855354e-39
1.12 	1.236903e-39
1.126667 	6.18452e-40
1.133333 	1.185039e-45
1.14 	9.480316e-46
1.146667 	7.110238e-46
1.153333 	4.74016e-46
1.16 	2.370081e-46
1.166667 	3.238678e-52
1.173333 	2.49614e-52
1.18 	1.872105e-52
1.186667 	1.24807e-52
1.193333 	6.240353e-53
1.2 	5.295295e-59
1.206667 	4.236236e-59
1.213333 	3.177177e-59
1.22 	2.118118e-59
1.226667 	1.059059e-59
1.233333 	6.551953e-66
1.24 	5.241563e-66
1.246667 	3.931173e-66
1.253333 	2.620783e-66
1.26 	1.310393e-66
1.266667 	2.627683e-72
1.273333 	2.049731e-72
1.28 	1.537299e-72
1.286667 	1.024866e-72
1.293333 	5.124334e-73
1.3 	7.484594e-79
1.306667 	5.987675e-79
1.313333 	4.490757e-79
1.32 	2.993838e-79
1.326667 	1.49692e-79
1.333333 	1.478898e-85
1.34 	1.183118e-85
1.346667 	8.873387e-86
1.353333 	5.915592e-86
1.36 	2.957797e-86
1.366667 	1.844069e-92
1.373333 	1.356943e-92
1.38 	1.017707e-92
1.386667 	6.784714e-93
1.393333 	3.392358e-93
1.4 	1.113456e-99
1.406667 	8.907643e-100
1.413333 	6.680733e-100
1.42 	4.453823e-100
1.426667 	2.226913e-100
1.433333 	2.549644e-106
1.44 	2.039715e-106
1.446667 	1.529787e-106
1.453333 	1.019858e-106
1.46 	5.099292e-107
1.466667 	4.583102e-113
1.473333 	3.462509e-113
1.48 	2.596882e-113
1.486667 	1.731255e-113
1.493333 	8.656277e-114
1.5 	5.5256e-120
1.506667 	4.419627e-120
1.513333 	3.313658e-120
1.52 	2.207688e-120
1.526667 	1.101719e-120
1.533333 	-4.250468e-123
1.54 	-3.427903e-123
1.546667 	-2.605337e-123
1.553333 	-1.782771e-123
1.56 	-9.602057e-124
1.566667 	-1.3764e-124
1.573333 	-1.104244e-124
1.58 	-8.320881e-125
1.586667 	-5.599324e-125
1.593333 	-2.877767e-125
1.6 	-1.562092e-126
1.606667 	-1.251783e-126
1.613333 	-9.414738e-127
1.62 	-6.311648e-127
1.626667 	-3.208557e-127
1.633333 	-1.054662e-128
1.64 	-8.446732e-129
1.646667 	-6.346848e-129
1.653333 	-4.246965e-129
1.66 	-2.147081e-129
1.666667 	-4.719752e-131
1.673333 	-3.778723e-131
1.68 	-2.837704e-131
1.686667 	-1.896686e-131
1.693333 	-9.556671e-132
1.7 	-1.464852e-133
1.706667 	-1.172522e-133
1.713333 	-8.801932e-134
1.72 	-5.878639e-134
1.726667 	-2.955347e-134
1.733333 	-3.205401e-136
1.74 	-2.565314e-136
1.746667 	-1.925227e-136
1.753333 	-1.28514e-136
1.76 	-6.450526e-137
1.766667 	-4.965482e-139
1.773333 	-3.973436e-139
1.78 	-2.981422e-139
1.786667 	-1.989407e-139
1.793333 	-9.973933e-140
1.8 	-5.379163e-142
1.806667 	-4.304102e-142
1.813333 	-3.22904e-142
1.82 	-2.153978e-142
1.826667 	-1.078917e-142
1.833333 	-3.854919e-145
1.84 	-3.084261e-145
1.846667 	-2.313603e-145
1.853333 	-1.542944e-145
1.86 	-7.72286e-146
1.866667 	-1.627607e-148
1.873333 	-1.302118e-148
1.88 	-9.76668e-149
1.886667 	-6.512177e-149
1.893333 	-3.257674e-149
1.9 	-3.171149e-152
1.906667 	-2.536957e-152
1.913333 	-1.902765e-152
1.92 	-1.268573e-152
1.926667 	-6.343802e-153
1.933333 	-1.879724e-156
1.94 	-1.503779e-156
1.946667 	-1.127834e-156
1.953333 	-7.518894e-157
1.96 	-3.759447e-157
1.966667 	-1.878509e-164
1.973333 	1.003786e-167
1.98 	7.528392e-168
1.986667 	5.018928e-168
1.993333 	2.509464e-168
2 	1.495197e-177
