0 	0.9999506
0.006666667 	0.9999515
0.01333333 	0.9999524
0.02 	0.9999533
0.02666667 	0.9999542
0.03333333 	0.9999551
0.04 	0.9999565
0.04666667 	0.999958
0.05333333 	0.9999595
0.06 	0.999961
0.06666667 	0.9999624
0.07333333 	0.9999558
0.08 	0.9999492
0.08666667 	0.9999426
0.09333333 	0.9999361
0.1 	0.9999295
0.1066667 	0.9999222
0.1133333 	0.9999149
0.12 	0.9999076
0.1266667 	0.9999003
0.1333333 	0.999893
0.14 	0.9998962
0.1466667 	0.9998995
0.1533333 	0.9999028
0.16 	0.9999061
0.1666667 	0.9999093
0.1733333 	0.9999138
0.18 	0.9999182
0.1866667 	0.9999227
0.1933333 	0.9999271
0.2 	0.9999315
0.2066667 	0.9999309
0.2133333 	0.9999303
0.22 	0.9999296
0.2266667 	0.999929
0.2333333 	0.9999283
0.24 	0.9999267
0.2466667 	0.9999251
0.2533333 	0.9999235
0.26 	0.9999219
0.2666667 	0.9999202
0.2733333 	0.9999249
0.28 	0.9999296
0.2866667 	0.9999343
0.2933333 	0.9999389
0.3 	0.9999436
0.3066667 	0.9999505
0.3133333 	0.9999574
0.32 	0.9999643
0.3266667 	0.9999712
0.3333333 	0.9999781
0.34 	0.99998
0.3466667 	0.999982
0.3533333 	0.999984
0.36 	0.999986
0.3666667 	0.9999879
0.3733333 	0.9999838
0.38 	0.9999797
0.3866667 	0.9999755
0.3933333 	0.9999714
0.4 	0.9999673
0.4066667 	0.9999544
0.4133333 	0.9999415
0.42 	0.9999286
0.4266667 	0.9999157
0.4333333 	0.9999028
0.44 	0.999898
0.4466667 	0.9998933
0.4533333 	0.9998886
0.46 	0.9998839
0.4666667 	0.9998792
0.4733333 	0.9998908
0.48 	0.9999024
0.4866667 	0.999914
0.4933333 	0.9999257
0.5 	0.9999373
0.5066667 	0.9999468
0.5133333 	0.9999563
0.52 	0.9999658
0.5266667 	0.9999753
0.5333333 	0.9999847
0.54 	0.9999872
0.5466667 	0.9999896
0.5533333 	0.999992
0.56 	0.9999944
0.5666667 	0.9999968
0.5733333 	0.9999963
0.58 	0.9999958
0.5866667 	0.9999954
0.5933333 	0.9999949
0.6 	0.9999944
0.6066667 	0.9999898
0.6133333 	0.9999852
0.62 	0.9999806
0.6266667 	0.9999759
0.6333333 	0.9999713
0.64 	0.999967
0.6466667 	0.9999626
0.6533333 	0.9999583
0.66 	0.9999539
0.6666667 	0.9999496
0.6733333 	0.9999531
0.68 	0.9999566
0.6866667 	0.9999601
0.6933333 	0.9999636
0.7 	0.9999671
0.7066667 	0.9999718
0.7133333 	0.9999764
0.72 	0.9999811
0.7266667 	0.9999857
0.7333333 	0.9999904
0.74 	0.9999894
0.7466667 	0.9999884
0.7533333 	0.9999874
0.76 	0.9999865
0.7666667 	0.9999855
0.7733333 	0.9999649
0.78 	0.9999444
0.7866667 	0.9999238
0.7933333 	0.9999033
0.8 	0.9998827
0.8066667 	0.9991426
0.8133333 	0.9984024
0.82 	0.9976622
0.8266667 	0.996922
0.8333333 	0.9961819
0.84 	0.9795194
0.8466667 	0.9628568
0.8533333 	0.9461943
0.86 	0.9295318
0.8666667 	0.9128692
0.8733333 	0.8355002
0.88 	0.7581312
0.8866667 	0.6807622
0.8933333 	0.6033932
0.9 	0.5260241
0.9066667 	0.4433789
0.9133333 	0.3607337
0.92 	0.2780885
0.9266667 	0.1954433
0.9333333 	0.112798
0.94 	0.0909297
0.9466667 	0.06906137
0.9533333 	0.04719304
0.96 	0.0253247
0.9666667 	0.003456368
0.9733333 	0.002785597
0.98 	0.002114825
0.9866667 	0.001444054
0.9933333 	0.0007732822
1 	0.0001025108
1.006667 	8.238735e-05
1.013333 	6.22639e-05
1.02 	4.214044e-05
1.026667 	2.201698e-05
1.033333 	1.89353e-06
1.04 	1.515439e-06
1.046667 	1.137347e-06
1.053333 	7.592547e-07
1.06 	3.811628e-07
1.066667 	3.070859e-09
1.073333 	2.456727e-09
1.08 	1.842614e-09
1.086667 	1.228501e-09
1.093333 	6.143879e-10
1.1 	2.747656e-13
1.106667 	2.198153e-13
1.113333 	1.648649e-13
1.12 	1.099146e-13
1.126667 	5.496428e-14
1.133333 	1.395814e-17
1.14 	1.116667e-17
1.146667 	8.375202e-18
1.153333 	5.583733e-18
1.16 	2.792265e-18
1.166667 	7.964435e-22
1.173333 	6.370535e-22
1.18 	4.778031e-22
1.186667 	3.185527e-22
1.193333 	1.593023e-22
1.2 	5.196317e-26
1.206667 	4.157151e-26
1.213333 	3.117985e-26
1.22 	2.078819e-26
1.226667 	1.039653e-26
1.233333 	4.873213e-30
1.24 	3.898648e-30
1.246667 	2.924082e-30
1.253333 	1.949517e-30
1.26 	9.749518e-31
1.266667 	3.864853e-34
1.273333 	3.091538e-34
1.28 	2.318711e-34
1.286667 	1.545883e-34
1.293333 	7.730558e-35
1.3 	2.282722e-38
1.306667 	1.826198e-38
1.313333 	1.369674e-38
1.32 	9.131498e-39
1.326667 	4.566256e-39
1.333333 	1.014934e-42
1.34 	8.119539e-43
1.346667 	6.089742e-43
1.353333 	4.059944e-43
1.36 	2.030147e-43
1.366667 	3.498198e-47
1.373333 	2.797766e-47
1.38 	2.098349e-47
1.386667 	1.398931e-47
1.393333 	6.995137e-48
1.4 	9.622491e-52
1.406667 	7.698036e-52
1.413333 	5.773581e-52
1.42 	3.849126e-52
1.426667 	1.924671e-52
1.433333 	2.165992e-56
1.44 	1.732802e-56
1.446667 	1.299611e-56
1.453333 	8.664211e-57
1.46 	4.332308e-57
1.466667 	4.052813e-61
1.473333 	3.24053e-61
1.48 	2.430414e-61
1.486667 	1.620297e-61
1.493333 	8.101809e-62
1.5 	6.438896e-66
1.506667 	5.151135e-66
1.513333 	3.863373e-66
1.52 	2.575612e-66
1.526667 	1.287851e-66
1.533333 	8.950573e-71
1.54 	7.16048e-71
1.546667 	5.370387e-71
1.553333 	3.580295e-71
1.56 	1.790202e-71
1.566667 	1.090183e-75
1.573333 	8.714329e-76
1.58 	6.535777e-76
1.586667 	4.357224e-76
1.593333 	2.178672e-76
1.6 	1.194641e-80
1.606667 	9.557155e-81
1.613333 	7.167897e-81
1.62 	4.778639e-81
1.626667 	2.389381e-81
1.633333 	1.230466e-85
1.64 	9.843748e-86
1.646667 	7.38284e-86
1.653333 	4.921933e-86
1.66 	2.461025e-86
1.666667 	1.174628e-90
1.673333 	9.387201e-91
1.68 	7.040429e-91
1.686667 	4.693656e-91
1.693333 	2.346883e-91
1.7 	1.101907e-95
1.706667 	8.815279e-96
1.713333 	6.611484e-96
1.72 	4.407689e-96
1.726667 	2.203894e-96
1.733333 	9.963523e-101
1.74 	7.970837e-101
1.746667 	5.97815e-101
1.753333 	3.985463e-101
1.76 	1.992776e-101
1.766667 	8.940535e-106
1.773333 	7.144473e-106
1.78 	5.358375e-106
1.786667 	3.572276e-106
1.793333 	1.786177e-106
1.8 	7.880081e-111
1.806667 	6.304078e-111
1.813333 	4.728076e-111
1.82 	3.152073e-111
1.826667 	1.57607e-111
1.833333 	6.759677e-116
1.84 	5.407753e-116
1.846667 	4.055829e-116
1.853333 	2.703905e-116
1.86 	1.351981e-116
1.866667 	5.757865e-121
1.873333 	4.600894e-121
1.88 	3.450682e-121
1.886667 	2.300471e-121
1.893333 	1.15026e-121
1.9 	4.858427e-126
1.906667 	3.886749e-126
1.913333 	2.915072e-126
1.92 	1.943395e-126
1.926667 	9.717176e-127
1.933333 	4.041975e-131
1.94 	3.233583e-131
1.946667 	2.42519e-131
1.953333 	1.616797e-131
1.96 	8.084047e-132
1.966667 	1.204883e-136
1.973333 	9.606724e-137
1.98 	7.205043e-137
1.986667 	4.803362e-137
1.993333 	2.401681e-137
2 	2.799722e-149
