0 	0.9999455
0.006666667 	0.9999425
0.01333333 	0.9999395
0.02 	0.9999365
0.02666667 	0.9999335
0.03333333 	0.9999305
0.04 	0.9999278
0.04666667 	0.9999251
0.05333333 	0.9999224
0.06 	0.9999197
0.06666667 	0.999917
0.07333333 	0.9999169
0.08 	0.9999168
0.08666667 	0.9999167
0.09333333 	0.9999167
0.1 	0.9999166
0.1066667 	0.9999186
0.1133333 	0.9999207
0.12 	0.9999228
0.1266667 	0.9999248
0.1333333 	0.9999269
0.14 	0.9999317
0.1466667 	0.9999365
0.1533333 	0.9999412
0.16 	0.999946
0.1666667 	0.9999508
0.1733333 	0.9999525
0.18 	0.9999543
0.1866667 	0.999956
0.1933333 	0.9999577
0.2 	0.9999595
0.2066667 	0.9999573
0.2133333 	0.9999551
0.22 	0.9999529
0.2266667 	0.9999508
0.2333333 	0.9999486
0.24 	0.9999486
0.2466667 	0.9999487
0.2533333 	0.9999488
0.26 	0.9999488
0.2666667 	0.9999489
0.2733333 	0.9999529
0.28 	0.9999569
0.2866667 	0.999961
0.2933333 	0.999965
0.3 	0.9999691
0.3066667 	0.9999706
0.3133333 	0.9999722
0.32 	0.9999738
0.3266667 	0.9999753
0.3333333 	0.9999769
0.34 	0.9999737
0.3466667 	0.9999704
0.3533333 	0.9999672
0.36 	0.999964
0.3666667 	0.9999607
0.3733333 	0.9999571
0.38 	0.9999534
0.3866667 	0.9999498
0.3933333 	0.9999461
0.4 	0.9999425
0.4066667 	0.9999418
0.4133333 	0.9999412
0.42 	0.9999405
0.4266667 	0.9999399
0.4333333 	0.9999392
0.44 	0.9999355
0.4466667 	0.9999318
0.4533333 	0.999928
0.46 	0.9999243
0.4666667 	0.9999205
0.4733333 	0.9999183
0.48 	0.999916
0.4866667 	0.9999137
0.4933333 	0.9999114
0.5 	0.9999091
0.5066667 	0.9999179
0.5133333 	0.9999266
0.52 	0.9999354
0.5266667 	0.9999442
0.5333333 	0.999953
0.54 	0.9999641
0.5466667 	0.9999752
0.5533333 	0.9999863
0.56 	0.9999974
0.5666667 	1.000008
0.5733333 	1.000009
0.58 	1.00001
0.5866667 	1.000011
0.5933333 	1.000011
0.6 	1.000012
0.6066667 	1.000001
0.6133333 	0.9999906
0.62 	0.9999798
0.6266667 	0.9999691
0.6333333 	0.9999583
0.64 	0.9999563
0.6466667 	0.9999542
0.6533333 	0.9999522
0.66 	0.9999502
0.6666667 	0.9999482
0.6733333 	0.9999546
0.68 	0.9999611
0.6866667 	0.9999675
0.6933333 	0.999974
0.7 	0.9999804
0.7066667 	0.9999836
0.7133333 	0.9999868
0.72 	0.99999
0.7266667 	0.9999931
0.7333333 	0.9999963
0.74 	0.9999966
0.7466667 	0.999997
0.7533333 	0.9999973
0.76 	0.9999976
0.7666667 	0.999998
0.7733333 	0.999976
0.78 	0.9999541
0.7866667 	0.9999321
0.7933333 	0.9999101
0.8 	0.9998882
0.8066667 	0.9950175
0.8133333 	0.9901469
0.82 	0.9852763
0.8266667 	0.9804056
0.8333333 	0.975535
0.84 	0.9010882
0.8466667 	0.8266414
0.8533333 	0.7521946
0.86 	0.6777479
0.8666667 	0.6033011
0.8733333 	0.5089262
0.88 	0.4145513
0.8866667 	0.3201764
0.8933333 	0.2258015
0.9 	0.1314266
0.9066667 	0.1058962
0.9133333 	0.08036583
0.92 	0.05483546
0.9266667 	0.02930509
0.9333333 	0.003774725
0.94 	0.003021227
0.9466667 	0.00226773
0.9533333 	0.001514232
0.96 	0.0007607342
0.9666667 	7.236551e-06
0.9733333 	5.789343e-06
0.98 	4.342138e-06
0.9866667 	2.894934e-06
0.9933333 	1.447729e-06
1 	5.244676e-10
1.006667 	4.195758e-10
1.013333 	3.146839e-10
1.02 	2.097921e-10
1.026667 	1.049003e-10
1.033333 	8.453227e-15
1.04 	6.762606e-15
1.046667 	5.071986e-15
1.053333 	3.381366e-15
1.06 	1.690745e-15
1.066667 	1.250549e-19
1.073333 	9.99766e-20
1.08 	7.498287e-20
1.086667 	4.998914e-20
1.093333 	2.499541e-20
1.1 	1.684053e-24
1.106667 	1.347246e-24
1.113333 	1.01044e-24
1.12 	6.736335e-25
1.126667 	3.368271e-25
1.133333 	2.070795e-29
1.14 	1.656641e-29
1.146667 	1.242486e-29
1.153333 	8.283319e-30
1.16 	4.141774e-30
1.166667 	2.294867e-34
1.173333 	1.834241e-34
1.18 	1.375687e-34
1.186667 	9.171319e-35
1.193333 	4.585772e-35
1.2 	2.253062e-39
1.206667 	1.802454e-39
1.213333 	1.351845e-39
1.22 	9.012366e-40
1.226667 	4.50628e-40
1.233333 	1.950101e-44
1.24 	1.560084e-44
1.246667 	1.170067e-44
1.253333 	7.800495e-45
1.26 	3.900322e-45
1.266667 	1.491718e-49
1.273333 	1.191816e-49
1.28 	8.938647e-50
1.286667 	5.959131e-50
1.293333 	2.979616e-50
1.3 	1.008967e-54
1.306667 	8.071746e-55
1.313333 	6.053825e-55
1.32 	4.035903e-55
1.326667 	2.017982e-55
1.333333 	6.110441e-60
1.34 	4.88836e-60
1.346667 	3.666278e-60
1.353333 	2.444196e-60
1.36 	1.222115e-60
1.366667 	3.345827e-65
1.373333 	2.671777e-65
1.38 	2.003837e-65
1.386667 	1.335897e-65
1.393333 	6.679566e-66
1.4 	1.659281e-70
1.406667 	1.327426e-70
1.413333 	9.955714e-71
1.42 	6.637168e-71
1.426667 	3.318622e-71
1.433333 	7.578242e-76
1.44 	6.0626e-76
1.446667 	4.546958e-76
1.453333 	3.031316e-76
1.46 	1.515674e-76
1.466667 	3.208116e-81
1.473333 	2.560433e-81
1.48 	1.920328e-81
1.486667 	1.280223e-81
1.493333 	6.401177e-82
1.5 	1.255869e-86
1.506667 	1.004696e-86
1.513333 	7.535234e-87
1.52 	5.023504e-87
1.526667 	2.511775e-87
1.533333 	4.613365e-92
1.54 	3.690695e-92
1.546667 	2.768025e-92
1.553333 	1.845356e-92
1.56 	9.226857e-93
1.566667 	1.593482e-97
1.573333 	1.271096e-97
1.58 	9.533233e-98
1.586667 	6.355506e-98
1.593333 	3.177779e-98
1.6 	5.128337e-103
1.606667 	4.102673e-103
1.613333 	3.077008e-103
1.62 	2.051344e-103
1.626667 	1.02568e-103
1.633333 	1.556299e-108
1.64 	1.24504e-108
1.646667 	9.337815e-109
1.653333 	6.225225e-109
1.66 	3.112635e-109
1.666667 	4.465092e-114
1.673333 	3.559626e-114
1.68 	2.669722e-114
1.686667 	1.779819e-114
1.693333 	8.899155e-115
1.7 	1.198628e-119
1.706667 	9.589033e-120
1.713333 	7.191782e-120
1.72 	4.794532e-120
1.726667 	2.397281e-120
1.733333 	3.05149e-125
1.74 	2.441193e-125
1.746667 	1.830897e-125
1.753333 	1.2206e-125
1.76 	6.103039e-126
1.766667 	7.389504e-131
1.773333 	5.886978e-131
1.78 	4.414968e-131
1.786667 	2.942958e-131
1.793333 	1.470947e-131
1.8 	-1.063009e-134
1.806667 	-1.080304e-134
1.813333 	-1.097599e-134
1.82 	-1.114894e-134
1.826667 	-1.132189e-134
1.833333 	-1.149484e-134
1.84 	-9.354045e-135
1.846667 	-7.213246e-135
1.853333 	-5.072448e-135
1.86 	-2.93165e-135
1.866667 	-7.908515e-136
1.873333 	-6.396251e-136
1.88 	-4.883987e-136
1.886667 	-3.371724e-136
1.893333 	-1.85946e-136
1.9 	-3.471967e-137
1.906667 	-2.800896e-137
1.913333 	-2.129825e-137
1.92 	-1.458754e-137
1.926667 	-7.876834e-138
1.933333 	-1.166124e-138
1.94 	-9.393064e-139
1.946667 	-7.124884e-139
1.953333 	-4.856703e-139
1.96 	-2.588522e-139
1.966667 	-3.203418e-140
1.973333 	-2.592067e-140
1.98 	-1.980717e-140
1.986667 	-1.369368e-140
1.993333 	-7.58018e-141
2 	-1.466684e-141
