0 	1.000003
0.006666667 	1.000003
0.01333333 	1.000003
0.02 	1.000003
0.02666667 	1.000004
0.03333333 	1.000004
0.04 	1.000004
0.04666667 	1.000004
0.05333333 	1.000004
0.06 	1.000004
0.06666667 	1.000004
0.07333333 	1.000004
0.08 	1.000004
0.08666667 	1.000004
0.09333333 	1.000004
0.1 	1.000004
0.1066667 	1.000004
0.1133333 	1.000004
0.12 	1.000004
0.1266667 	1.000004
0.1333333 	1.000004
0.14 	1.000004
0.1466667 	1.000004
0.1533333 	1.000004
0.16 	1.000004
0.1666667 	1.000004
0.1733333 	1.000004
0.18 	1.000004
0.1866667 	1.000003
0.1933333 	1.000003
0.2 	1.000003
0.2066667 	1.000003
0.2133333 	1.000003
0.22 	1.000003
0.2266667 	1.000003
0.2333333 	1.000003
0.24 	1.000004
0.2466667 	1.000004
0.2533333 	1.000004
0.26 	1.000004
0.2666667 	1.000004
0.2733333 	1.000004
0.28 	1.000004
0.2866667 	1.000004
0.2933333 	1.000004
0.3 	1.000004
0.3066667 	1.000004
0.3133333 	1.000003
0.32 	1.000003
0.3266667 	1.000003
0.3333333 	1.000003
0.34 	1.000003
0.3466667 	1.000003
0.3533333 	1.000003
0.36 	1.000004
0.3666667 	1.000004
0.3733333 	1.000004
0.38 	1.000004
0.3866667 	1.000003
0.3933333 	1.000003
0.4 	1.000003
0.4066667 	1.000003
0.4133333 	1.000003
0.42 	1.000003
0.4266667 	1.000003
0.4333333 	1.000003
0.44 	1.000003
0.4466667 	1.000003
0.4533333 	1.000003
0.46 	1.000003
0.4666667 	1.000003
0.4733333 	1.000002
0.48 	1.000002
0.4866667 	1.000002
0.4933333 	1.000002
0.5 	1.000002
0.5066667 	1.000002
0.5133333 	1.000002
0.52 	1.000002
0.5266667 	1.000002
0.5333333 	1.000002
0.54 	1.000002
0.5466667 	1.000002
0.5533333 	1.000002
0.56 	1.000002
0.5666667 	1.000002
0.5733333 	1.000002
0.58 	1.000002
0.5866667 	1.000002
0.5933333 	1.000002
0.6 	1.000002
0.6066667 	1.000002
0.6133333 	1.000002
0.62 	1.000002
0.6266667 	1.000001
0.6333333 	1.000001
0.64 	1.000001
0.6466667 	1.000001
0.6533333 	1.000001
0.66 	1.000001
0.6666667 	1.000001
0.6733333 	1.000001
0.68 	1.000001
0.6866667 	1.000001
0.6933333 	1.000001
0.7 	1.000001
0.7066667 	1.000001
0.7133333 	1.000001
0.72 	1.000001
0.7266667 	1.000001
0.7333333 	1.000001
0.74 	1.000001
0.7466667 	1.000001
0.7533333 	1.000001
0.76 	1.000001
0.7666667 	1.000001
0.7733333 	1.000001
0.78 	1
0.7866667 	1
0.7933333 	0.9999997
0.8 	0.9999994
0.8066667 	0.9983624
0.8133333 	0.9967253
0.82 	0.9950883
0.8266667 	0.9934512
0.8333333 	0.9918141
0.84 	0.8918147
0.8466667 	0.7918152
0.8533333 	0.6918157
0.86 	0.5918162
0.8666667 	0.4918167
0.8733333 	0.3934538
0.88 	0.2950908
0.8866667 	0.1967278
0.8933333 	0.09836489
0.9 	1.925379e-06
0.9066667 	1.540303e-06
0.9133333 	1.155228e-06
0.92 	7.701518e-07
0.9266667 	3.85076e-07
0.9333333 	2.047002e-13
0.94 	1.637601e-13
0.9466667 	1.228201e-13
0.9533333 	8.188007e-14
0.96 	4.094004e-14
0.9666667 	2.144874e-21
0.9733333 	1.552151e-21
0.98 	1.164113e-21
0.9866667 	7.760754e-22
0.9933333 	3.880377e-22
1 	5.897436e-31
1.006667 	4.717949e-31
1.013333 	3.538462e-31
1.02 	2.358974e-31
1.026667 	1.179487e-31
1.033333 	1.485637e-40
1.04 	1.18851e-40
1.046667 	8.913825e-41
1.053333 	5.94255e-41
1.06 	2.971275e-41
1.066667 	1.486218e-48
1.073333 	4.700463e-52
1.08 	3.525347e-52
1.086667 	2.350232e-52
1.093333 	1.175116e-52
1.1 	8.881507e-62
1.106667 	7.105206e-62
1.113333 	5.328904e-62
1.12 	3.552603e-62
1.126667 	1.776301e-62
1.133333 	2.256881e-70
1.14 	1.805504e-70
1.146667 	1.354128e-70
1.153333 	9.027522e-71
1.16 	4.513761e-71
1.166667 	2.406966e-78
1.173333 	1.200717e-79
1.18 	9.005375e-80
1.186667 	6.003583e-80
1.193333 	3.001792e-80
1.2 	2.483168e-88
1.206667 	1.986535e-88
1.213333 	1.489901e-88
1.22 	9.932673e-89
1.226667 	4.966337e-89
1.233333 	3.269245e-97
1.24 	2.615396e-97
1.246667 	1.961547e-97
1.253333 	1.307698e-97
1.26 	6.538491e-98
1.266667 	3.26925e-105
1.273333 	-3.46787e-149
1.28 	-2.600902e-149
1.286667 	-1.733934e-149
1.293333 	-8.669668e-150
1.3 	9.339864e-156
1.306667 	7.471892e-156
1.313333 	5.603919e-156
1.32 	3.735946e-156
1.326667 	1.867973e-156
1.333333 	2.998321e-167
1.34 	2.398657e-167
1.346667 	1.798993e-167
1.353333 	1.199329e-167
1.36 	5.996643e-168
1.366667 	2.998333e-175
1.373333 	9.756686e-189
1.38 	7.317514e-189
1.386667 	4.878343e-189
1.393333 	2.439171e-189
1.4 	5.688774e-202
1.406667 	1.538747e-205
1.413333 	1.15406e-205
1.42 	7.693736e-206
1.426667 	3.846868e-206
1.433333 	1.238946e-212
1.44 	9.911565e-213
1.446667 	7.433674e-213
1.453333 	4.955783e-213
1.46 	2.477891e-213
1.466667 	1.238954e-220
1.473333 	3.336594e-285
1.48 	2.502445e-285
1.486667 	1.668297e-285
1.493333 	8.341486e-286
1.5 	2.271783e-292
1.506667 	1.817424e-292
1.513333 	1.363068e-292
1.52 	9.087121e-293
1.526667 	4.543561e-293
1.533333 	1.31781e-299
1.54 	1.054248e-299
1.546667 	7.906862e-300
1.553333 	5.271241e-300
1.56 	2.635621e-300
1.566667 	5.258255e-307
1.573333 	3.152345e-307
1.58 	2.364259e-307
1.586667 	1.576173e-307
1.593333 	7.880863e-308
1.6 	2.619937e-315
1.606667 	2.095914e-315
1.613333 	1.571935e-315
1.62 	1.047957e-315
1.626667 	5.239785e-316
1.633333 	3.952525e-323
1.64 	3.45846e-323
1.646667 	2.470328e-323
1.653333 	1.976263e-323
1.66 	9.881313e-324
1.666667 	0
1.673333 	0
1.68 	0
1.686667 	0
1.693333 	0
1.7 	0
1.706667 	0
1.713333 	0
1.72 	0
1.726667 	0
1.733333 	0
1.74 	0
1.746667 	0
1.753333 	0
1.76 	0
1.766667 	0
1.773333 	0
1.78 	0
1.786667 	0
1.793333 	0
1.8 	0
1.806667 	0
1.813333 	0
1.82 	0
1.826667 	0
1.833333 	0
1.84 	0
1.846667 	0
1.853333 	0
1.86 	0
1.866667 	0
1.873333 	0
1.88 	0
1.886667 	0
1.893333 	0
1.9 	0
1.906667 	0
1.913333 	0
1.92 	0
1.926667 	0
1.933333 	0
1.94 	0
1.946667 	0
1.953333 	0
1.96 	0
1.966667 	0
1.973333 	0
1.98 	0
1.986667 	0
1.993333 	0
2 	0
