0 	1.000003
0.006666667 	1.000003
0.01333333 	1.000004
0.02 	1.000004
0.02666667 	1.000004
0.03333333 	1.000004
0.04 	1.000004
0.04666667 	1.000004
0.05333333 	1.000004
0.06 	1.000004
0.06666667 	1.000004
0.07333333 	1.000004
0.08 	1.000004
0.08666667 	1.000004
0.09333333 	1.000004
0.1 	1.000004
0.1066667 	1.000004
0.1133333 	1.000004
0.12 	1.000004
0.1266667 	1.000004
0.1333333 	1.000004
0.14 	1.000004
0.1466667 	1.000004
0.1533333 	1.000004
0.16 	1.000004
0.1666667 	1.000004
0.1733333 	1.000004
0.18 	1.000004
0.1866667 	1.000004
0.1933333 	1.000003
0.2 	1.000003
0.2066667 	1.000003
0.2133333 	1.000003
0.22 	1.000003
0.2266667 	1.000003
0.2333333 	1.000003
0.24 	1.000004
0.2466667 	1.000004
0.2533333 	1.000004
0.26 	1.000005
0.2666667 	1.000005
0.2733333 	1.000005
0.28 	1.000005
0.2866667 	1.000004
0.2933333 	1.000004
0.3 	1.000004
0.3066667 	1.000004
0.3133333 	1.000004
0.32 	1.000003
0.3266667 	1.000003
0.3333333 	1.000003
0.34 	1.000003
0.3466667 	1.000004
0.3533333 	1.000004
0.36 	1.000004
0.3666667 	1.000004
0.3733333 	1.000004
0.38 	1.000004
0.3866667 	1.000004
0.3933333 	1.000004
0.4 	1.000004
0.4066667 	1.000004
0.4133333 	1.000004
0.42 	1.000003
0.4266667 	1.000003
0.4333333 	1.000003
0.44 	1.000003
0.4466667 	1.000003
0.4533333 	1.000003
0.46 	1.000003
0.4666667 	1.000003
0.4733333 	1.000003
0.48 	1.000003
0.4866667 	1.000003
0.4933333 	1.000003
0.5 	1.000002
0.5066667 	1.000002
0.5133333 	1.000002
0.52 	1.000002
0.5266667 	1.000002
0.5333333 	1.000002
0.54 	1.000002
0.5466667 	1.000002
0.5533333 	1.000002
0.56 	1.000002
0.5666667 	1.000003
0.5733333 	1.000002
0.58 	1.000002
0.5866667 	1.000002
0.5933333 	1.000002
0.6 	1.000002
0.6066667 	1.000002
0.6133333 	1.000002
0.62 	1.000002
0.6266667 	1.000002
0.6333333 	1.000001
0.64 	1.000001
0.6466667 	1.000001
0.6533333 	1.000001
0.66 	1.000001
0.6666667 	1.000001
0.6733333 	1.000001
0.68 	1.000001
0.6866667 	1.000001
0.6933333 	1.000001
0.7 	1.000001
0.7066667 	1.000001
0.7133333 	1.000001
0.72 	1.000001
0.7266667 	1.000001
0.7333333 	1.000001
0.74 	1.000001
0.7466667 	1.000001
0.7533333 	1.000001
0.76 	1.000001
0.7666667 	1.000001
0.7733333 	0.9999998
0.78 	0.999999
0.7866667 	0.9999983
0.7933333 	0.9999975
0.8 	0.9999967
0.8066667 	0.9980616
0.8133333 	0.9961265
0.82 	0.9941915
0.8266667 	0.9922564
0.8333333 	0.9903213
0.84 	0.9104877
0.8466667 	0.8306542
0.8533333 	0.7508207
0.86 	0.6709872
0.8666667 	0.5911536
0.8733333 	0.4934044
0.88 	0.3956552
0.8866667 	0.297906
0.8933333 	0.2001567
0.9 	0.1024075
0.9066667 	0.08224196
0.9133333 	0.0620764
0.92 	0.04191084
0.9266667 	0.02174528
0.9333333 	0.001579724
0.94 	0.001264028
0.9466667 	0.0009483323
0.9533333 	0.0006326365
0.96 	0.0003169407
0.9666667 	1.244942e-06
0.9733333 	9.959585e-07
0.98 	7.469766e-07
0.9866667 	4.979946e-07
0.9933333 	2.490127e-07
1 	3.079622e-11
1.006667 	2.463706e-11
1.013333 	1.847791e-11
1.02 	1.231875e-11
1.026667 	6.159599e-12
1.033333 	4.449677e-16
1.04 	3.559753e-16
1.046667 	2.669829e-16
1.053333 	1.779906e-16
1.06 	8.899823e-17
1.066667 	5.878583e-21
1.073333 	4.69932e-21
1.08 	3.524507e-21
1.086667 	2.349693e-21
1.093333 	1.17488e-21
1.1 	6.665703e-26
1.106667 	5.332575e-26
1.113333 	3.999447e-26
1.12 	2.66632e-26
1.126667 	1.333192e-26
1.133333 	6.461372e-31
1.14 	5.169109e-31
1.146667 	3.876845e-31
1.153333 	2.584581e-31
1.16 	1.292318e-31
1.166667 	5.389502e-36
1.173333 	4.306441e-36
1.18 	3.22984e-36
1.186667 	2.15324e-36
1.193333 	1.076639e-36
1.2 	3.888381e-41
1.206667 	3.11071e-41
1.213333 	2.333039e-41
1.22 	1.555367e-41
1.226667 	7.776959e-42
1.233333 	2.457068e-46
1.24 	1.965657e-46
1.246667 	1.474246e-46
1.253333 	9.828354e-47
1.26 	4.914246e-47
1.266667 	1.372398e-51
1.273333 	1.095954e-51
1.28 	8.219674e-52
1.286667 	5.479805e-52
1.293333 	2.739937e-52
1.3 	6.793857e-57
1.306667 	5.435092e-57
1.313333 	4.076326e-57
1.32 	2.717561e-57
1.326667 	1.358796e-57
1.333333 	3.019609e-62
1.34 	2.41569e-62
1.346667 	1.81177e-62
1.353333 	1.207851e-62
1.36 	6.039315e-63
1.366667 	1.214915e-67
1.373333 	9.695173e-68
1.38 	7.271391e-68
1.386667 	4.847609e-68
1.393333 	2.423827e-68
1.4 	4.419748e-73
1.406667 	3.535801e-73
1.413333 	2.651855e-73
1.42 	1.767908e-73
1.426667 	8.839614e-74
1.433333 	1.475296e-78
1.44 	1.180238e-78
1.446667 	8.851795e-79
1.453333 	5.901212e-79
1.46 	2.950629e-79
1.466667 	4.549175e-84
1.473333 	3.62754e-84
1.48 	2.720659e-84
1.486667 	1.813777e-84
1.493333 	9.068948e-85
1.5 	1.289055e-89
1.506667 	1.031245e-89
1.513333 	7.734342e-90
1.52 	5.156239e-90
1.526667 	2.578137e-90
1.533333 	3.409142e-95
1.54 	2.727316e-95
1.546667 	2.045489e-95
1.553333 	1.363662e-95
1.56 	6.818352e-96
1.566667 	8.453315e-101
1.573333 	6.735383e-101
1.58 	5.051542e-101
1.586667 	3.367701e-101
1.593333 	1.68386e-101
1.6 	1.948626e-106
1.606667 	1.558902e-106
1.613333 	1.169177e-106
1.62 	7.79453e-107
1.626667 	3.897286e-107
1.633333 	4.248002e-112
1.64 	3.398403e-112
1.646667 	2.548805e-112
1.653333 	1.699206e-112
1.66 	8.496074e-113
1.666667 	8.795116e-118
1.673333 	7.002112e-118
1.68 	5.251588e-118
1.686667 	3.501064e-118
1.693333 	1.750541e-118
1.7 	1.709374e-123
1.706667 	1.3675e-123
1.713333 	1.025626e-123
1.72 	6.837516e-124
1.726667 	3.418774e-124
1.733333 	3.179426e-129
1.74 	2.543542e-129
1.746667 	1.907658e-129
1.753333 	1.271774e-129
1.76 	6.358898e-130
1.766667 	5.686335e-135
1.773333 	4.523634e-135
1.78 	3.392728e-135
1.786667 	2.261822e-135
1.793333 	1.130916e-135
1.8 	9.64175e-141
1.806667 	7.713402e-141
1.813333 	5.785056e-141
1.82 	3.856709e-141
1.826667 	1.928362e-141
1.833333 	1.586336e-146
1.84 	1.269144e-146
1.846667 	9.519517e-147
1.853333 	6.347594e-147
1.86 	3.175671e-147
1.866667 	3.748682e-150
1.873333 	3.005451e-150
1.88 	2.262379e-150
1.886667 	1.519307e-150
1.893333 	7.762344e-151
1.9 	3.316211e-152
1.906667 	2.657868e-152
1.913333 	1.999526e-152
1.92 	1.341184e-152
1.926667 	6.828418e-153
1.933333 	2.449956e-154
1.94 	1.96363e-154
1.946667 	1.477303e-154
1.953333 	9.909767e-155
1.96 	5.046502e-155
1.966667 	1.832358e-156
1.973333 	1.468802e-156
1.98 	1.105248e-156
1.986667 	7.416944e-157
1.993333 	3.781408e-157
2 	1.45871e-158
