0 	1.000003
0.006666667 	1.000003
0.01333333 	1.000003
0.02 	1.000003
0.02666667 	1.000003
0.03333333 	1.000003
0.04 	1.000003
0.04666667 	1.000003
0.05333333 	1.000003
0.06 	1.000003
0.06666667 	1.000003
0.07333333 	1.000003
0.08 	1.000003
0.08666667 	1.000003
0.09333333 	1.000003
0.1 	1.000003
0.1066667 	1.000003
0.1133333 	1.000003
0.12 	1.000004
0.1266667 	1.000004
0.1333333 	1.000004
0.14 	1.000004
0.1466667 	1.000004
0.1533333 	1.000004
0.16 	1.000004
0.1666667 	1.000004
0.1733333 	1.000003
0.18 	1.000003
0.1866667 	1.000002
0.1933333 	1.000002
0.2 	1.000002
0.2066667 	1.000002
0.2133333 	1.000002
0.22 	1.000002
0.2266667 	1.000002
0.2333333 	1.000002
0.24 	1.000003
0.2466667 	1.000004
0.2533333 	1.000004
0.26 	1.000005
0.2666667 	1.000005
0.2733333 	1.000005
0.28 	1.000005
0.2866667 	1.000005
0.2933333 	1.000005
0.3 	1.000005
0.3066667 	1.000005
0.3133333 	1.000005
0.32 	1.000004
0.3266667 	1.000004
0.3333333 	1.000004
0.34 	1.000004
0.3466667 	1.000004
0.3533333 	1.000004
0.36 	1.000005
0.3666667 	1.000005
0.3733333 	1.000005
0.38 	1.000005
0.3866667 	1.000005
0.3933333 	1.000005
0.4 	1.000005
0.4066667 	1.000005
0.4133333 	1.000005
0.42 	1.000005
0.4266667 	1.000004
0.4333333 	1.000004
0.44 	1.000004
0.4466667 	1.000004
0.4533333 	1.000004
0.46 	1.000004
0.4666667 	1.000004
0.4733333 	1.000004
0.48 	1.000004
0.4866667 	1.000004
0.4933333 	1.000004
0.5 	1.000003
0.5066667 	1.000003
0.5133333 	1.000003
0.52 	1.000003
0.5266667 	1.000003
0.5333333 	1.000003
0.54 	1.000003
0.5466667 	1.000003
0.5533333 	1.000003
0.56 	1.000003
0.5666667 	1.000003
0.5733333 	1.000003
0.58 	1.000003
0.5866667 	1.000003
0.5933333 	1.000003
0.6 	1.000003
0.6066667 	1.000003
0.6133333 	1.000003
0.62 	1.000003
0.6266667 	1.000003
0.6333333 	1.000003
0.64 	1.000003
0.6466667 	1.000003
0.6533333 	1.000002
0.66 	1.000002
0.6666667 	1.000002
0.6733333 	1.000002
0.68 	1.000002
0.6866667 	1.000002
0.6933333 	1.000002
0.7 	1.000002
0.7066667 	1.000002
0.7133333 	1.000001
0.72 	1.000001
0.7266667 	1.000001
0.7333333 	1.000001
0.74 	1.000001
0.7466667 	1
0.7533333 	1
0.76 	0.9999997
0.7666667 	0.9999994
0.7733333 	0.9999402
0.78 	0.999881
0.7866667 	0.9998218
0.7933333 	0.9997626
0.8 	0.9997034
0.8066667 	0.9982367
0.8133333 	0.9967699
0.82 	0.9953032
0.8266667 	0.9938365
0.8333333 	0.9923698
0.84 	0.9616628
0.8466667 	0.9309559
0.8533333 	0.9002489
0.86 	0.869542
0.8666667 	0.838835
0.8733333 	0.7539282
0.88 	0.6690214
0.8866667 	0.5841146
0.8933333 	0.4992078
0.9 	0.414301
0.9066667 	0.3456429
0.9133333 	0.2769848
0.92 	0.2083267
0.9266667 	0.1396685
0.9333333 	0.07101044
0.94 	0.05738768
0.9466667 	0.04376493
0.9533333 	0.03014217
0.96 	0.01651941
0.9666667 	0.002896658
0.9733333 	0.002320843
0.98 	0.001745029
0.9866667 	0.001169214
0.9933333 	0.0005933994
1 	1.758473e-05
1.006667 	1.406984e-05
1.013333 	1.055495e-05
1.02 	7.040053e-06
1.026667 	3.525159e-06
1.033333 	1.026613e-08
1.04 	8.212993e-09
1.046667 	6.159854e-09
1.053333 	4.106715e-09
1.06 	2.053576e-09
1.066667 	4.374856e-13
1.073333 	3.499094e-13
1.08 	2.624359e-13
1.086667 	1.749624e-13
1.093333 	8.748893e-14
1.1 	1.541928e-17
1.106667 	1.233552e-17
1.113333 	9.251765e-18
1.12 	6.168006e-18
1.126667 	3.084246e-18
1.133333 	4.871583e-22
1.14 	3.897293e-22
1.146667 	2.923002e-22
1.153333 	1.948712e-22
1.16 	9.74422e-23
1.166667 	1.317649e-26
1.173333 	1.053736e-26
1.18 	7.903099e-27
1.186667 	5.268836e-27
1.193333 	2.634574e-27
1.2 	3.110414e-31
1.206667 	2.488345e-31
1.213333 	1.866275e-31
1.22 	1.244205e-31
1.226667 	6.221356e-32
1.233333 	6.596926e-36
1.24 	5.277567e-36
1.246667 	3.958208e-36
1.253333 	2.638848e-36
1.26 	1.319489e-36
1.266667 	1.294915e-40
1.273333 	1.035409e-40
1.28 	7.765626e-41
1.286667 	5.177164e-41
1.293333 	2.588703e-41
1.3 	2.411489e-45
1.306667 	1.9292e-45
1.313333 	1.44691e-45
1.32 	9.646214e-46
1.326667 	4.823323e-46
1.333333 	4.321568e-50
1.34 	3.457269e-50
1.346667 	2.59297e-50
1.353333 	1.728672e-50
1.36 	8.64373e-51
1.366667 	7.436425e-55
1.373333 	5.945707e-55
1.38 	4.45931e-55
1.386667 	2.972914e-55
1.393333 	1.486518e-55
1.4 	1.211527e-59
1.406667 	9.692253e-60
1.413333 	7.269236e-60
1.42 	4.846219e-60
1.426667 	2.423202e-60
1.433333 	1.845992e-64
1.44 	1.476799e-64
1.446667 	1.107606e-64
1.453333 	7.384126e-65
1.46 	3.692193e-65
1.466667 	2.604965e-69
1.473333 	2.082502e-69
1.48 	1.561885e-69
1.486667 	1.041268e-69
1.493333 	5.206508e-70
1.5 	3.378134e-74
1.506667 	2.702515e-74
1.513333 	2.026896e-74
1.52 	1.351278e-74
1.526667 	6.75659e-75
1.533333 	4.031445e-79
1.54 	3.225165e-79
1.546667 	2.418885e-79
1.553333 	1.612605e-79
1.56 	8.063245e-80
1.566667 	4.435027e-84
1.573333 	3.544805e-84
1.58 	2.658615e-84
1.586667 	1.772425e-84
1.593333 	8.862351e-85
1.6 	4.497417e-89
1.606667 	3.597942e-89
1.613333 	2.698467e-89
1.62 	1.798992e-89
1.626667 	8.995172e-90
1.633333 	4.237561e-94
1.64 	3.390056e-94
1.646667 	2.542552e-94
1.653333 	1.695047e-94
1.66 	8.475421e-95
1.666667 	3.730222e-99
1.673333 	2.980794e-99
1.68 	2.235603e-99
1.686667 	1.490412e-99
1.693333 	7.452215e-100
1.7 	3.074333e-104
1.706667 	2.459471e-104
1.713333 	1.844609e-104
1.72 	1.229748e-104
1.726667 	6.148857e-105
1.733333 	2.392946e-109
1.74 	1.91436e-109
1.746667 	1.435775e-109
1.753333 	9.57189e-110
1.76 	4.786033e-110
1.766667 	1.769826e-114
1.773333 	1.413949e-114
1.78 	1.060465e-114
1.786667 	7.069807e-115
1.793333 	3.534966e-115
1.8 	1.245512e-119
1.806667 	9.964112e-120
1.813333 	7.473105e-120
1.82 	4.982098e-120
1.826667 	2.491091e-120
1.833333 	8.424554e-125
1.84 	6.739654e-125
1.846667 	5.054755e-125
1.853333 	3.369855e-125
1.86 	1.684955e-125
1.866667 	5.512764e-130
1.873333 	4.403478e-130
1.88 	3.302618e-130
1.886667 	2.201757e-130
1.893333 	1.100896e-130
1.9 	3.493977e-135
1.906667 	2.795186e-135
1.913333 	2.096395e-135
1.92 	1.397604e-135
1.926667 	6.988128e-136
1.933333 	2.168561e-140
1.94 	1.734851e-140
1.946667 	1.301142e-140
1.953333 	8.674323e-141
1.96 	4.337228e-141
1.966667 	1.327634e-145
1.973333 	1.060417e-145
1.98 	7.953673e-146
1.986667 	5.303181e-146
1.993333 	2.652689e-146
2 	2.197042e-149
