0 	0.9999447
0.006666667 	0.9999465
0.01333333 	0.9999483
0.02 	0.9999501
0.02666667 	0.9999519
0.03333333 	0.9999537
0.04 	0.999957
0.04666667 	0.9999603
0.05333333 	0.9999636
0.06 	0.9999669
0.06666667 	0.9999702
0.07333333 	0.999971
0.08 	0.9999719
0.08666667 	0.9999728
0.09333333 	0.9999737
0.1 	0.9999746
0.1066667 	0.9999706
0.1133333 	0.9999666
0.12 	0.9999627
0.1266667 	0.9999587
0.1333333 	0.9999547
0.14 	0.9999515
0.1466667 	0.9999482
0.1533333 	0.9999449
0.16 	0.9999417
0.1666667 	0.9999384
0.1733333 	0.9999385
0.18 	0.9999385
0.1866667 	0.9999386
0.1933333 	0.9999386
0.2 	0.9999387
0.2066667 	0.999936
0.2133333 	0.9999334
0.22 	0.9999307
0.2266667 	0.999928
0.2333333 	0.9999253
0.24 	0.999923
0.2466667 	0.9999207
0.2533333 	0.9999184
0.26 	0.9999161
0.2666667 	0.9999138
0.2733333 	0.9999198
0.28 	0.9999257
0.2866667 	0.9999317
0.2933333 	0.9999377
0.3 	0.9999437
0.3066667 	0.9999515
0.3133333 	0.9999593
0.32 	0.9999672
0.3266667 	0.999975
0.3333333 	0.9999828
0.34 	0.9999833
0.3466667 	0.9999838
0.3533333 	0.9999843
0.36 	0.9999848
0.3666667 	0.9999852
0.3733333 	0.999977
0.38 	0.9999689
0.3866667 	0.9999607
0.3933333 	0.9999525
0.4 	0.9999443
0.4066667 	0.9999367
0.4133333 	0.9999291
0.42 	0.9999215
0.4266667 	0.9999139
0.4333333 	0.9999063
0.44 	0.9999116
0.4466667 	0.9999168
0.4533333 	0.9999221
0.46 	0.9999273
0.4666667 	0.9999326
0.4733333 	0.9999422
0.48 	0.9999518
0.4866667 	0.9999614
0.4933333 	0.999971
0.5 	0.9999806
0.5066667 	0.9999841
0.5133333 	0.9999876
0.52 	0.9999911
0.5266667 	0.9999945
0.5333333 	0.999998
0.54 	0.9999972
0.5466667 	0.9999964
0.5533333 	0.9999956
0.56 	0.9999948
0.5666667 	0.999994
0.5733333 	0.9999891
0.58 	0.9999842
0.5866667 	0.9999792
0.5933333 	0.9999743
0.6 	0.9999694
0.6066667 	0.9999649
0.6133333 	0.9999605
0.62 	0.9999561
0.6266667 	0.9999516
0.6333333 	0.9999472
0.64 	0.9999504
0.6466667 	0.9999536
0.6533333 	0.9999568
0.66 	0.9999599
0.6666667 	0.9999631
0.6733333 	0.999968
0.68 	0.9999728
0.6866667 	0.9999777
0.6933333 	0.9999825
0.7 	0.9999874
0.7066667 	0.999977
0.7133333 	0.9999666
0.72 	0.9999562
0.7266667 	0.9999458
0.7333333 	0.9999354
0.74 	0.9992187
0.7466667 	0.9985021
0.7533333 	0.9977855
0.76 	0.9970689
0.7666667 	0.9963522
0.7733333 	0.9813842
0.78 	0.9664161
0.7866667 	0.9514481
0.7933333 	0.93648
0.8 	0.921512
0.8066667 	0.8460037
0.8133333 	0.7704955
0.82 	0.6949873
0.8266667 	0.6194791
0.8333333 	0.5439708
0.84 	0.4603284
0.8466667 	0.376686
0.8533333 	0.2930436
0.86 	0.2094012
0.8666667 	0.1257588
0.8733333 	0.1019982
0.88 	0.0782375
0.8866667 	0.05447684
0.8933333 	0.03071617
0.9 	0.006955504
0.9066667 	0.005578213
0.9133333 	0.004200922
0.92 	0.002823631
0.9266667 	0.001446339
0.9333333 	6.904839e-05
0.94 	5.528073e-05
0.9466667 	4.151306e-05
0.9533333 	2.774539e-05
0.96 	1.397773e-05
0.9666667 	2.100637e-07
0.9733333 	1.691142e-07
0.98 	1.281647e-07
0.9866667 	8.721527e-08
0.9933333 	4.626582e-08
1 	5.316375e-09
1.006667 	4.279017e-09
1.013333 	3.24166e-09
1.02 	2.204302e-09
1.026667 	1.166944e-09
1.033333 	1.295866e-10
1.04 	1.03853e-10
1.046667 	7.81194e-11
1.053333 	5.238577e-11
1.06 	2.665215e-11
1.066667 	9.185337e-13
1.073333 	7.350606e-13
1.08 	5.515888e-13
1.086667 	3.681171e-13
1.093333 	1.846453e-13
1.1 	1.173506e-15
1.106667 	9.466443e-16
1.113333 	7.197827e-16
1.12 	4.929211e-16
1.126667 	2.660595e-16
1.133333 	3.91979e-17
1.14 	3.257003e-17
1.146667 	2.594216e-17
1.153333 	1.931429e-17
1.16 	1.268643e-17
1.166667 	6.058558e-18
1.173333 	4.995457e-18
1.18 	3.932355e-18
1.186667 	2.869254e-18
1.193333 	1.806153e-18
1.2 	7.430518e-19
1.206667 	6.07073e-19
1.213333 	4.710941e-19
1.22 	3.351153e-19
1.226667 	1.991364e-19
1.233333 	6.31576e-20
1.24 	5.112777e-20
1.246667 	3.909793e-20
1.253333 	2.70681e-20
1.26 	1.503826e-20
1.266667 	3.008424e-21
1.273333 	2.416059e-21
1.28 	1.823694e-21
1.286667 	1.231329e-21
1.293333 	6.389646e-22
1.3 	4.659976e-23
1.306667 	3.7304e-23
1.313333 	2.800825e-23
1.32 	1.87125e-23
1.326667 	9.416748e-24
1.333333 	1.209964e-25
1.34 	9.680283e-26
1.346667 	7.260929e-26
1.353333 	4.841575e-26
1.36 	2.42222e-26
1.366667 	2.86599e-29
1.373333 	2.292717e-29
1.38 	1.719564e-29
1.386667 	1.146412e-29
1.393333 	5.732595e-30
1.4 	1.070054e-33
1.406667 	8.560501e-34
1.413333 	6.420461e-34
1.42 	4.280421e-34
1.426667 	2.140382e-34
1.433333 	3.421603e-38
1.44 	2.737301e-38
1.446667 	2.053e-38
1.453333 	1.368699e-38
1.46 	6.843974e-39
1.466667 	9.608574e-43
1.473333 	7.68417e-43
1.48 	5.763188e-43
1.486667 	3.842206e-43
1.493333 	1.921224e-43
1.5 	2.420917e-47
1.506667 	1.936745e-47
1.513333 	1.452573e-47
1.52 	9.684002e-48
1.526667 	4.842279e-48
1.533333 	5.552222e-52
1.54 	4.441801e-52
1.546667 	3.331379e-52
1.553333 	2.220958e-52
1.56 	1.110537e-52
1.566667 	1.157079e-56
1.573333 	9.252233e-57
1.58 	6.939229e-57
1.586667 	4.626225e-57
1.593333 	2.313222e-57
1.6 	2.178582e-61
1.606667 	1.742873e-61
1.613333 	1.307164e-61
1.62 	8.714551e-62
1.626667 	4.357461e-62
1.633333 	3.714537e-66
1.64 	2.971641e-66
1.646667 	2.228745e-66
1.653333 	1.485849e-66
1.66 	7.429535e-67
1.666667 	5.761803e-71
1.673333 	4.606487e-71
1.68 	3.454886e-71
1.686667 	2.303285e-71
1.693333 	1.151683e-71
1.7 	8.174439e-76
1.706667 	6.539572e-76
1.713333 	4.904706e-76
1.72 	3.26984e-76
1.726667 	1.634973e-76
1.733333 	1.072739e-80
1.74 	8.581936e-81
1.746667 	6.436485e-81
1.753333 	4.291034e-81
1.76 	2.145583e-81
1.766667 	1.316772e-85
1.773333 	1.052562e-85
1.78 	7.894255e-86
1.786667 	5.262887e-86
1.793333 	2.63152e-86
1.8 	1.529721e-90
1.806667 	1.22378e-90
1.813333 	9.178394e-91
1.82 	6.118986e-91
1.826667 	3.059579e-91
1.833333 	1.710381e-95
1.84 	1.368309e-95
1.846667 	1.026236e-95
1.853333 	6.841638e-96
1.86 	3.420912e-96
1.866667 	1.865377e-100
1.873333 	1.490937e-100
1.88 	1.118208e-100
1.886667 	7.454788e-101
1.893333 	3.727494e-101
1.9 	2.00425e-105
1.906667 	1.603404e-105
1.913333 	1.202558e-105
1.92 	8.017128e-106
1.926667 	4.008671e-106
1.933333 	2.146322e-110
1.94 	1.717062e-110
1.946667 	1.287802e-110
1.953333 	8.585425e-111
1.96 	4.292828e-111
1.966667 	2.29958e-115
1.973333 	1.837957e-115
1.98 	1.37848e-115
1.986667 	9.190024e-116
1.993333 	4.595253e-116
2 	4.815262e-120
