0 	0.9999395
0.006666667 	0.9999369
0.01333333 	0.9999343
0.02 	0.9999317
0.02666667 	0.9999291
0.03333333 	0.9999265
0.04 	0.9999254
0.04666667 	0.9999242
0.05333333 	0.999923
0.06 	0.9999218
0.06666667 	0.9999207
0.07333333 	0.9999202
0.08 	0.9999198
0.08666667 	0.9999194
0.09333333 	0.999919
0.1 	0.9999185
0.1066667 	0.9999188
0.1133333 	0.999919
0.12 	0.9999192
0.1266667 	0.9999194
0.1333333 	0.9999197
0.14 	0.9999235
0.1466667 	0.9999274
0.1533333 	0.9999313
0.16 	0.9999352
0.1666667 	0.999939
0.1733333 	0.9999414
0.18 	0.9999438
0.1866667 	0.9999462
0.1933333 	0.9999486
0.2 	0.999951
0.2066667 	0.9999503
0.2133333 	0.9999495
0.22 	0.9999487
0.2266667 	0.9999479
0.2333333 	0.9999472
0.24 	0.9999467
0.2466667 	0.9999463
0.2533333 	0.9999458
0.26 	0.9999453
0.2666667 	0.9999449
0.2733333 	0.9999479
0.28 	0.9999509
0.2866667 	0.9999539
0.2933333 	0.9999569
0.3 	0.9999599
0.3066667 	0.9999622
0.3133333 	0.9999644
0.32 	0.9999667
0.3266667 	0.999969
0.3333333 	0.9999713
0.34 	0.9999695
0.3466667 	0.9999677
0.3533333 	0.9999659
0.36 	0.9999641
0.3666667 	0.9999623
0.3733333 	0.9999589
0.38 	0.9999554
0.3866667 	0.9999519
0.3933333 	0.9999485
0.4 	0.999945
0.4066667 	0.9999434
0.4133333 	0.9999419
0.42 	0.9999403
0.4266667 	0.9999388
0.4333333 	0.9999372
0.44 	0.9999318
0.4466667 	0.9999264
0.4533333 	0.999921
0.46 	0.9999156
0.4666667 	0.9999102
0.4733333 	0.9999091
0.48 	0.9999079
0.4866667 	0.9999068
0.4933333 	0.9999057
0.5 	0.9999046
0.5066667 	0.9999156
0.5133333 	0.9999266
0.52 	0.9999376
0.5266667 	0.9999486
0.5333333 	0.9999596
0.54 	0.9999704
0.5466667 	0.9999813
0.5533333 	0.9999921
0.56 	1.000003
0.5666667 	1.000014
0.5733333 	1.000015
0.58 	1.000017
0.5866667 	1.000018
0.5933333 	1.00002
0.6 	1.000022
0.6066667 	1.000012
0.6133333 	1.000001
0.62 	0.9999914
0.6266667 	0.9999814
0.6333333 	0.9999713
0.64 	0.9999675
0.6466667 	0.9999636
0.6533333 	0.9999597
0.66 	0.9999559
0.6666667 	0.999952
0.6733333 	0.999958
0.68 	0.999964
0.6866667 	0.99997
0.6933333 	0.999976
0.7 	0.9999821
0.7066667 	0.9999852
0.7133333 	0.9999883
0.72 	0.9999914
0.7266667 	0.9999946
0.7333333 	0.9999977
0.74 	0.9999979
0.7466667 	0.9999981
0.7533333 	0.9999983
0.76 	0.9999985
0.7666667 	0.9999987
0.7733333 	0.9999894
0.78 	0.9999802
0.7866667 	0.999971
0.7933333 	0.9999617
0.8 	0.9999525
0.8066667 	0.9983977
0.8133333 	0.9968429
0.82 	0.9952881
0.8266667 	0.9937333
0.8333333 	0.9921785
0.84 	0.946751
0.8466667 	0.9013234
0.8533333 	0.8558959
0.86 	0.8104684
0.8666667 	0.7650408
0.8733333 	0.6734401
0.88 	0.5818393
0.8866667 	0.4902385
0.8933333 	0.3986378
0.9 	0.307037
0.9066667 	0.2526106
0.9133333 	0.1981843
0.92 	0.1437579
0.9266667 	0.08933152
0.9333333 	0.03490515
0.94 	0.02806142
0.9466667 	0.02121769
0.9533333 	0.01437396
0.96 	0.007530228
0.9666667 	0.0006864985
0.9733333 	0.0005494907
0.98 	0.0004124829
0.9866667 	0.0002754752
0.9933333 	0.0001384674
1 	1.459649e-06
1.006667 	1.167754e-06
1.013333 	8.758591e-07
1.02 	5.839644e-07
1.026667 	2.920697e-07
1.033333 	1.749496e-10
1.04 	1.399604e-10
1.046667 	1.049712e-10
1.053333 	6.9982e-11
1.06 	3.499282e-11
1.066667 	3.631398e-15
1.073333 	2.903731e-15
1.08 	2.177813e-15
1.086667 	1.451894e-15
1.093333 	7.259764e-16
1.1 	5.836092e-20
1.106667 	4.668888e-20
1.113333 	3.501684e-20
1.12 	2.33448e-20
1.126667 	1.167276e-20
1.133333 	7.230166e-25
1.14 	5.784147e-25
1.146667 	4.338128e-25
1.153333 	2.89211e-25
1.16 	1.446091e-25
1.166667 	7.182506e-30
1.173333 	5.740232e-30
1.18 	4.305189e-30
1.186667 	2.870145e-30
1.193333 	1.435102e-30
1.2 	5.804783e-35
1.206667 	4.643834e-35
1.213333 	3.482885e-35
1.22 	2.321936e-35
1.226667 	1.160987e-35
1.233333 	3.788664e-40
1.24 	3.030935e-40
1.246667 	2.273207e-40
1.253333 	1.515478e-40
1.26 	7.577496e-41
1.266667 	2.098115e-45
1.273333 	1.675463e-45
1.28 	1.2566e-45
1.286667 	8.377365e-46
1.293333 	4.188733e-46
1.3 	1.003088e-50
1.306667 	8.024716e-51
1.313333 	6.018548e-51
1.32 	4.012379e-51
1.326667 	2.006211e-51
1.333333 	4.236337e-56
1.34 	3.389073e-56
1.346667 	2.541809e-56
1.353333 	1.694545e-56
1.36 	8.472805e-57
1.366667 	1.641106e-61
1.373333 	1.309497e-61
1.38 	9.821239e-62
1.386667 	6.547512e-62
1.393333 	3.273785e-62
1.4 	5.860789e-67
1.406667 	4.688635e-67
1.413333 	3.516481e-67
1.42 	2.344327e-67
1.426667 	1.172173e-67
1.433333 	1.882609e-72
1.44 	1.506089e-72
1.446667 	1.129568e-72
1.453333 	7.530471e-73
1.46 	3.765263e-73
1.466667 	5.538669e-78
1.473333 	4.415877e-78
1.48 	3.311912e-78
1.486667 	2.207946e-78
1.493333 	1.10398e-78
1.5 	1.491892e-83
1.506667 	1.193514e-83
1.513333 	8.951364e-84
1.52 	5.967588e-84
1.526667 	2.983812e-84
1.533333 	3.686416e-89
1.54 	2.949134e-89
1.546667 	2.211853e-89
1.553333 	1.474572e-89
1.56 	7.372901e-90
1.566667 	8.716572e-95
1.573333 	6.94377e-95
1.58 	5.207832e-95
1.586667 	3.471895e-95
1.593333 	1.735957e-95
1.6 	1.996186e-100
1.606667 	1.59695e-100
1.613333 	1.197713e-100
1.62 	7.98477e-101
1.626667 	3.992407e-101
1.633333 	4.38791e-106
1.64 	3.51033e-106
1.646667 	2.63275e-106
1.653333 	1.75517e-106
1.66 	8.775896e-107
1.666667 	9.463446e-112
1.673333 	7.535657e-112
1.68 	5.651748e-112
1.686667 	3.767838e-112
1.693333 	1.883929e-112
1.7 	1.951612e-117
1.706667 	1.56129e-117
1.713333 	1.170969e-117
1.72 	7.806472e-118
1.726667 	3.903256e-118
1.733333 	4.029803e-123
1.74 	3.223844e-123
1.746667 	2.417885e-123
1.753333 	1.611926e-123
1.76 	8.059672e-124
1.766667 	8.223753e-129
1.773333 	6.546765e-129
1.78 	4.910075e-129
1.786667 	3.273385e-129
1.793333 	1.636695e-129
1.8 	5.747186e-135
1.806667 	2.709887e-135
1.813333 	-3.274101e-136
1.82 	-3.364707e-135
1.826667 	-6.402005e-135
1.833333 	-9.439302e-135
1.84 	-7.726081e-135
1.846667 	-6.012861e-135
1.853333 	-4.299641e-135
1.86 	-2.58642e-135
1.866667 	-8.731999e-136
1.873333 	-7.077933e-136
1.88 	-5.423867e-136
1.886667 	-3.769802e-136
1.893333 	-2.115737e-136
1.9 	-4.616721e-137
1.906667 	-3.729254e-137
1.913333 	-2.841787e-137
1.92 	-1.95432e-137
1.926667 	-1.066853e-137
1.933333 	-1.793856e-138
1.94 	-1.446321e-138
1.946667 	-1.098785e-138
1.953333 	-7.5125e-139
1.96 	-4.037146e-139
1.966667 	-5.617929e-140
1.973333 	-4.494342e-140
1.98 	-3.370756e-140
1.986667 	-2.247171e-140
1.993333 	-1.123585e-140
2 	-1.309802e-152
