0 	1.000003
0.006666667 	1.000003
0.01333333 	1.000003
0.02 	1.000002
0.02666667 	1.000002
0.03333333 	1.000002
0.04 	1.000002
0.04666667 	1.000001
0.05333333 	1.000001
0.06 	1
0.06666667 	1
0.07333333 	0.9999996
0.08 	0.9999991
0.08666667 	0.9999987
0.09333333 	0.9999982
0.1 	0.9999978
0.1066667 	0.9999972
0.1133333 	0.9999967
0.12 	0.9999961
0.1266667 	0.9999956
0.1333333 	0.999995
0.14 	0.9999954
0.1466667 	0.9999957
0.1533333 	0.9999961
0.16 	0.9999964
0.1666667 	0.9999968
0.1733333 	0.9999977
0.18 	0.9999985
0.1866667 	0.9999994
0.1933333 	1
0.2 	1.000001
0.2066667 	1.000001
0.2133333 	1.000001
0.22 	1.000002
0.2266667 	1.000002
0.2333333 	1.000002
0.24 	1.000001
0.2466667 	1.000001
0.2533333 	1
0.26 	0.9999997
0.2666667 	0.9999992
0.2733333 	0.9999988
0.28 	0.9999984
0.2866667 	0.999998
0.2933333 	0.9999976
0.3 	0.9999972
0.3066667 	0.9999971
0.3133333 	0.9999971
0.32 	0.999997
0.3266667 	0.9999969
0.3333333 	0.9999968
0.34 	0.9999971
0.3466667 	0.9999973
0.3533333 	0.9999976
0.36 	0.9999978
0.3666667 	0.9999981
0.3733333 	0.9999983
0.38 	0.9999986
0.3866667 	0.9999989
0.3933333 	0.9999992
0.4 	0.9999995
0.4066667 	0.9999997
0.4133333 	1
0.42 	1
0.4266667 	1
0.4333333 	1.000001
0.44 	1.000001
0.4466667 	1.000002
0.4533333 	1.000003
0.46 	1.000003
0.4666667 	1.000004
0.4733333 	1.000005
0.48 	1.000006
0.4866667 	1.000006
0.4933333 	1.000007
0.5 	1.000008
0.5066667 	1.000009
0.5133333 	1.000009
0.52 	1.000009
0.5266667 	1.000009
0.5333333 	1.00001
0.54 	1.00001
0.5466667 	1.000009
0.5533333 	1.000009
0.56 	1.000009
0.5666667 	1.000009
0.5733333 	1.000008
0.58 	1.000008
0.5866667 	1.000008
0.5933333 	1.000007
0.6 	1.000007
0.6066667 	1.000006
0.6133333 	1.000006
0.62 	1.000005
0.6266667 	1.000004
0.6333333 	1.000004
0.64 	1.000003
0.6466667 	1.000003
0.6533333 	1.000002
0.66 	1.000002
0.6666667 	1.000002
0.6733333 	1.000001
0.68 	1.000001
0.6866667 	1.000001
0.6933333 	1
0.7 	1
0.7066667 	0.9999997
0.7133333 	0.9999994
0.72 	0.999999
0.7266667 	0.9999987
0.7333333 	0.9999984
0.74 	0.9999261
0.7466667 	0.9998539
0.7533333 	0.9997816
0.76 	0.9997094
0.7666667 	0.9996371
0.7733333 	0.994563
0.78 	0.9894889
0.7866667 	0.9844148
0.7933333 	0.9793407
0.8 	0.9742666
0.8066667 	0.9248086
0.8133333 	0.8753506
0.82 	0.8258925
0.8266667 	0.7764345
0.8333333 	0.7269765
0.84 	0.6351007
0.8466667 	0.5432248
0.8533333 	0.4513489
0.86 	0.3594731
0.8666667 	0.2675972
0.8733333 	0.2171844
0.88 	0.1667715
0.8866667 	0.1163586
0.8933333 	0.0659458
0.9 	0.01553294
0.9066667 	0.01248527
0.9133333 	0.009437603
0.92 	0.006389934
0.9266667 	0.003342264
0.9333333 	0.0002945938
0.94 	0.0002377987
0.9466667 	0.0001810036
0.9533333 	0.0001242085
0.96 	6.741339e-05
0.9666667 	1.061827e-05
0.9733333 	8.575531e-06
0.98 	6.53279e-06
0.9866667 	4.490049e-06
0.9933333 	2.447308e-06
1 	4.045671e-07
1.006667 	3.262012e-07
1.013333 	2.478353e-07
1.02 	1.694694e-07
1.026667 	9.11035e-08
1.033333 	1.27376e-08
1.04 	1.019653e-08
1.046667 	7.655469e-09
1.053333 	5.114406e-09
1.06 	2.573343e-09
1.066667 	3.228003e-11
1.073333 	2.59677e-11
1.08 	1.965549e-11
1.086667 	1.334328e-11
1.093333 	7.031073e-12
1.1 	7.188649e-13
1.106667 	6.439704e-13
1.113333 	5.690759e-13
1.12 	4.941814e-13
1.126667 	4.192869e-13
1.133333 	3.443923e-13
1.14 	2.849291e-13
1.146667 	2.254658e-13
1.153333 	1.660025e-13
1.16 	1.065392e-13
1.166667 	4.707585e-14
1.173333 	3.804253e-14
1.18 	2.900921e-14
1.186667 	1.997589e-14
1.193333 	1.094257e-14
1.2 	1.909252e-15
1.206667 	1.530107e-15
1.213333 	1.150962e-15
1.22 	7.718172e-16
1.226667 	3.926722e-16
1.233333 	1.352727e-17
1.24 	1.082311e-17
1.246667 	8.118948e-18
1.253333 	5.414786e-18
1.26 	2.710624e-18
1.266667 	6.462263e-21
1.273333 	5.169747e-21
1.28 	3.877365e-21
1.286667 	2.584984e-21
1.293333 	1.292602e-21
1.3 	2.208575e-25
1.306667 	1.766873e-25
1.313333 	1.325171e-25
1.32 	8.834689e-26
1.326667 	4.417669e-26
1.333333 	6.499473e-30
1.34 	5.199611e-30
1.346667 	3.899748e-30
1.353333 	2.599886e-30
1.36 	1.300024e-30
1.366667 	1.616902e-34
1.373333 	1.293008e-34
1.38 	9.697648e-35
1.386667 	6.465213e-35
1.393333 	3.232777e-35
1.4 	3.41225e-39
1.406667 	2.729813e-39
1.413333 	2.047375e-39
1.42 	1.364938e-39
1.426667 	6.825008e-40
1.433333 	6.354888e-44
1.44 	5.083932e-44
1.446667 	3.812975e-44
1.453333 	2.542019e-44
1.46 	1.271063e-44
1.466667 	1.063181e-48
1.473333 	8.5004e-49
1.48 	6.375345e-49
1.486667 	4.25029e-49
1.493333 	2.125235e-49
1.5 	1.798342e-53
1.506667 	1.438681e-53
1.513333 	1.07902e-53
1.52 	7.193596e-54
1.526667 	3.596989e-54
1.533333 	3.811391e-58
1.54 	3.049136e-58
1.546667 	2.286882e-58
1.553333 	1.524627e-58
1.56 	7.623731e-59
1.566667 	1.187333e-62
1.573333 	9.495708e-63
1.58 	7.121893e-63
1.586667 	4.748078e-63
1.593333 	2.374263e-63
1.6 	4.473993e-67
1.606667 	3.579227e-67
1.613333 	2.684461e-67
1.62 	1.789696e-67
1.626667 	8.949297e-68
1.633333 	1.63896e-71
1.64 	1.311179e-71
1.646667 	9.833977e-72
1.653333 	6.556166e-72
1.66 	3.278354e-72
1.666667 	5.417233e-76
1.673333 	4.332508e-76
1.68 	3.249421e-76
1.686667 	2.166334e-76
1.693333 	1.083247e-76
1.7 	1.597968e-80
1.706667 	1.278383e-80
1.713333 	9.587975e-81
1.72 	6.392125e-81
1.726667 	3.196274e-81
1.733333 	4.240504e-85
1.74 	3.392423e-85
1.746667 	2.544343e-85
1.753333 	1.696263e-85
1.76 	8.481826e-86
1.766667 	1.022886e-89
1.773333 	8.179742e-90
1.78 	6.134863e-90
1.786667 	4.089984e-90
1.793333 	2.045105e-90
1.8 	2.260319e-94
1.806667 	1.808265e-94
1.813333 	1.35621e-94
1.82 	9.041555e-95
1.826667 	4.521009e-95
1.833333 	4.636754e-99
1.84 	3.709421e-99
1.846667 	2.782088e-99
1.853333 	1.854755e-99
1.86 	9.274222e-100
1.866667 	8.91415e-104
1.873333 	7.127643e-104
1.88 	5.345772e-104
1.886667 	3.563902e-104
1.893333 	1.782032e-104
1.9 	1.61542e-108
1.906667 	1.292341e-108
1.913333 	9.69263e-109
1.92 	6.461846e-109
1.926667 	3.231062e-109
1.933333 	2.77954e-113
1.94 	2.223641e-113
1.946667 	1.667742e-113
1.953333 	1.111843e-113
1.96 	5.559445e-114
1.966667 	4.568654e-118
1.973333 	3.6527e-118
1.98 	2.739525e-118
1.986667 	1.82635e-118
1.993333 	9.13175e-119
2 	1.034104e-130
