0 	0.9999542
0.006666667 	0.9999565
0.01333333 	0.9999588
0.02 	0.9999611
0.02666667 	0.9999634
0.03333333 	0.9999658
0.04 	0.9999686
0.04666667 	0.9999714
0.05333333 	0.9999743
0.06 	0.9999771
0.06666667 	0.99998
0.07333333 	0.9999787
0.08 	0.9999775
0.08666667 	0.9999762
0.09333333 	0.999975
0.1 	0.9999737
0.1066667 	0.9999681
0.1133333 	0.9999624
0.12 	0.9999568
0.1266667 	0.9999511
0.1333333 	0.9999455
0.14 	0.9999399
0.1466667 	0.9999344
0.1533333 	0.9999288
0.16 	0.9999233
0.1666667 	0.9999178
0.1733333 	0.9999144
0.18 	0.9999111
0.1866667 	0.9999077
0.1933333 	0.9999044
0.2 	0.9999011
0.2066667 	0.9998975
0.2133333 	0.999894
0.22 	0.9998905
0.2266667 	0.999887
0.2333333 	0.9998835
0.24 	0.9998873
0.2466667 	0.9998911
0.2533333 	0.9998949
0.26 	0.9998986
0.2666667 	0.9999024
0.2733333 	0.9999135
0.28 	0.9999246
0.2866667 	0.9999357
0.2933333 	0.9999469
0.3 	0.999958
0.3066667 	0.9999646
0.3133333 	0.9999712
0.32 	0.9999778
0.3266667 	0.9999844
0.3333333 	0.999991
0.34 	0.999991
0.3466667 	0.999991
0.3533333 	0.999991
0.36 	0.999991
0.3666667 	0.999991
0.3733333 	0.9999864
0.38 	0.9999819
0.3866667 	0.9999774
0.3933333 	0.9999729
0.4 	0.9999683
0.4066667 	0.9999638
0.4133333 	0.9999594
0.42 	0.9999549
0.4266667 	0.9999504
0.4333333 	0.9999459
0.44 	0.9999497
0.4466667 	0.9999535
0.4533333 	0.9999573
0.46 	0.9999611
0.4666667 	0.9999649
0.4733333 	0.9999705
0.48 	0.9999762
0.4866667 	0.9999818
0.4933333 	0.9999875
0.5 	0.9999932
0.5066667 	0.9999941
0.5133333 	0.999995
0.52 	0.9999959
0.5266667 	0.9999968
0.5333333 	0.9999977
0.54 	0.9999963
0.5466667 	0.9999949
0.5533333 	0.9999935
0.56 	0.9999921
0.5666667 	0.9999907
0.5733333 	0.999987
0.58 	0.9999833
0.5866667 	0.9999796
0.5933333 	0.9999759
0.6 	0.9999722
0.6066667 	0.9999703
0.6133333 	0.9999685
0.62 	0.9999667
0.6266667 	0.9999648
0.6333333 	0.999963
0.64 	0.9999662
0.6466667 	0.9999694
0.6533333 	0.9999727
0.66 	0.9999759
0.6666667 	0.9999791
0.6733333 	0.9999823
0.68 	0.9999855
0.6866667 	0.9999887
0.6933333 	0.9999919
0.7 	0.9999951
0.7066667 	0.9999568
0.7133333 	0.9999185
0.72 	0.9998802
0.7266667 	0.9998419
0.7333333 	0.9998036
0.74 	0.9963645
0.7466667 	0.9929254
0.7533333 	0.9894863
0.76 	0.9860472
0.7666667 	0.9826081
0.7733333 	0.9413361
0.78 	0.9000641
0.7866667 	0.8587922
0.7933333 	0.8175202
0.8 	0.7762482
0.8066667 	0.6849032
0.8133333 	0.5935581
0.82 	0.5022131
0.8266667 	0.410868
0.8333333 	0.319523
0.84 	0.2609324
0.8466667 	0.2023417
0.8533333 	0.1437511
0.86 	0.0851605
0.8666667 	0.02656988
0.8733333 	0.02135614
0.88 	0.01614239
0.8866667 	0.01092864
0.8933333 	0.005714899
0.9 	0.0005011527
0.9066667 	0.0004027521
0.9133333 	0.0003043516
0.92 	0.0002059511
0.9266667 	0.0001075506
0.9333333 	9.150082e-06
0.94 	7.358526e-06
0.9466667 	5.566969e-06
0.9533333 	3.775412e-06
0.96 	1.983856e-06
0.9666667 	1.922989e-07
0.9733333 	1.550358e-07
0.98 	1.177728e-07
0.9866667 	8.050973e-08
0.9933333 	4.324668e-08
1 	5.983631e-09
1.006667 	4.802016e-09
1.013333 	3.620401e-09
1.02 	2.438787e-09
1.026667 	1.257172e-09
1.033333 	7.555672e-11
1.04 	6.050828e-11
1.046667 	4.545984e-11
1.053333 	3.04114e-11
1.06 	1.536296e-11
1.066667 	3.1452e-13
1.073333 	2.516587e-13
1.08 	1.887983e-13
1.086667 	1.259378e-13
1.093333 	6.307728e-14
1.1 	2.167944e-16
1.106667 	1.742437e-16
1.113333 	1.31693e-16
1.12 	8.914236e-17
1.126667 	4.659168e-17
1.133333 	4.040999e-18
1.14 	3.353945e-18
1.146667 	2.666891e-18
1.153333 	1.979837e-18
1.16 	1.292783e-18
1.166667 	6.057293e-19
1.173333 	5.079139e-19
1.18 	4.100986e-19
1.186667 	3.122832e-19
1.193333 	2.144679e-19
1.2 	1.166525e-19
1.206667 	9.732866e-20
1.213333 	7.800478e-20
1.22 	5.868089e-20
1.226667 	3.935701e-20
1.233333 	2.003313e-20
1.24 	1.638728e-20
1.246667 	1.274143e-20
1.253333 	9.095583e-21
1.26 	5.449735e-21
1.266667 	1.803888e-21
1.273333 	1.457993e-21
1.28 	1.112098e-21
1.286667 	7.662036e-22
1.293333 	4.203089e-22
1.3 	7.44142e-23
1.306667 	5.968617e-23
1.313333 	4.495814e-23
1.32 	3.023011e-23
1.326667 	1.550208e-23
1.333333 	7.740534e-25
1.34 	6.194918e-25
1.346667 	4.649303e-25
1.353333 	3.103687e-25
1.36 	1.558071e-25
1.366667 	1.245571e-27
1.373333 	9.965045e-28
1.38 	7.474461e-28
1.386667 	4.983878e-28
1.393333 	2.493294e-28
1.4 	2.710682e-31
1.406667 	2.168583e-31
1.413333 	1.626483e-31
1.42 	1.084384e-31
1.426667 	5.422839e-32
1.433333 	1.843452e-35
1.44 	1.474782e-35
1.446667 	1.106113e-35
1.453333 	7.37443e-36
1.46 	3.687733e-36
1.466667 	1.035887e-39
1.473333 	8.285712e-40
1.48 	6.214402e-40
1.486667 	4.143092e-40
1.493333 	2.071782e-40
1.5 	4.717599e-44
1.506667 	3.774115e-44
1.513333 	2.83063e-44
1.52 	1.887146e-44
1.526667 	9.436611e-45
1.533333 	1.766752e-48
1.54 	1.413412e-48
1.546667 	1.060073e-48
1.553333 	7.06734e-49
1.56 	3.533947e-49
1.566667 	5.546793e-53
1.573333 	4.436051e-53
1.58 	3.327076e-53
1.586667 	2.2181e-53
1.593333 	1.109125e-53
1.6 	1.49816e-57
1.606667 	1.198535e-57
1.613333 	8.989101e-58
1.62 	5.992853e-58
1.626667 	2.996605e-58
1.633333 	3.566982e-62
1.64 	2.853601e-62
1.646667 	2.14022e-62
1.653333 	1.426839e-62
1.66 	7.134574e-63
1.666667 	7.613483e-67
1.673333 	6.087962e-67
1.68 	4.566008e-67
1.686667 	3.044055e-67
1.693333 	1.522101e-67
1.7 	1.470352e-71
1.706667 	1.176287e-71
1.713333 	8.822214e-72
1.72 	5.881562e-72
1.726667 	2.940911e-72
1.733333 	2.594608e-76
1.74 	2.075695e-76
1.746667 	1.556782e-76
1.753333 	1.037869e-76
1.76 	5.189555e-77
1.766667 	4.220445e-81
1.773333 	3.374293e-81
1.78 	2.530736e-81
1.786667 	1.687178e-81
1.793333 	8.436212e-82
1.8 	6.383821e-86
1.806667 	5.107075e-86
1.813333 	3.830329e-86
1.82 	2.553583e-86
1.826667 	1.276837e-86
1.833333 	9.1597e-91
1.84 	7.327785e-91
1.846667 	5.49587e-91
1.853333 	3.663956e-91
1.86 	1.832041e-91
1.866667 	1.259401e-95
1.873333 	1.006791e-95
1.88 	7.550974e-96
1.886667 	5.034039e-96
1.893333 	2.517103e-96
1.9 	1.673966e-100
1.906667 	1.339177e-100
1.913333 	1.004388e-100
1.92 	6.695991e-101
1.926667 	3.348102e-101
1.933333 	2.13873e-105
1.94 	1.710989e-105
1.946667 	1.283248e-105
1.953333 	8.555079e-106
1.96 	4.277672e-106
1.966667 	2.6614e-110
1.973333 	2.127409e-110
1.98 	1.595557e-110
1.986667 	1.063705e-110
1.993333 	5.318523e-111
2 	6.199985e-123
