0 	0.9999634
0.006666667 	0.9999651
0.01333333 	0.9999668
0.02 	0.9999685
0.02666667 	0.9999702
0.03333333 	0.9999719
0.04 	0.9999742
0.04666667 	0.9999765
0.05333333 	0.9999788
0.06 	0.9999811
0.06666667 	0.9999835
0.07333333 	0.9999808
0.08 	0.9999781
0.08666667 	0.9999754
0.09333333 	0.9999727
0.1 	0.99997
0.1066667 	0.9999614
0.1133333 	0.9999528
0.12 	0.9999443
0.1266667 	0.9999357
0.1333333 	0.9999271
0.14 	0.9999215
0.1466667 	0.9999159
0.1533333 	0.9999103
0.16 	0.9999047
0.1666667 	0.9998991
0.1733333 	0.9999003
0.18 	0.9999016
0.1866667 	0.9999028
0.1933333 	0.999904
0.2 	0.9999052
0.2066667 	0.9999053
0.2133333 	0.9999053
0.22 	0.9999054
0.2266667 	0.9999054
0.2333333 	0.9999054
0.24 	0.9999046
0.2466667 	0.9999037
0.2533333 	0.9999028
0.26 	0.999902
0.2666667 	0.9999011
0.2733333 	0.9999062
0.28 	0.9999112
0.2866667 	0.9999163
0.2933333 	0.9999214
0.3 	0.9999265
0.3066667 	0.9999349
0.3133333 	0.9999433
0.32 	0.9999517
0.3266667 	0.9999601
0.3333333 	0.9999685
0.34 	0.9999733
0.3466667 	0.9999781
0.3533333 	0.9999829
0.36 	0.9999877
0.3666667 	0.9999925
0.3733333 	0.9999922
0.38 	0.999992
0.3866667 	0.9999917
0.3933333 	0.9999914
0.4 	0.9999911
0.4066667 	0.9999835
0.4133333 	0.9999759
0.42 	0.9999683
0.4266667 	0.9999606
0.4333333 	0.999953
0.44 	0.999949
0.4466667 	0.999945
0.4533333 	0.999941
0.46 	0.999937
0.4666667 	0.999933
0.4733333 	0.999939
0.48 	0.999945
0.4866667 	0.999951
0.4933333 	0.999957
0.5 	0.999963
0.5066667 	0.9999683
0.5133333 	0.9999737
0.52 	0.999979
0.5266667 	0.9999844
0.5333333 	0.9999897
0.54 	0.9999918
0.5466667 	0.9999939
0.5533333 	0.999996
0.56 	0.9999982
0.5666667 	1
0.5733333 	0.9999999
0.58 	0.9999996
0.5866667 	0.9999992
0.5933333 	0.9999988
0.6 	0.9999985
0.6066667 	0.999995
0.6133333 	0.9999916
0.62 	0.9999882
0.6266667 	0.9999848
0.6333333 	0.9999813
0.64 	0.9999774
0.6466667 	0.9999736
0.6533333 	0.9999697
0.66 	0.9999658
0.6666667 	0.9999619
0.6733333 	0.9999638
0.68 	0.9999658
0.6866667 	0.9999677
0.6933333 	0.9999697
0.7 	0.9999716
0.7066667 	0.9999755
0.7133333 	0.9999794
0.72 	0.9999833
0.7266667 	0.9999872
0.7333333 	0.9999911
0.74 	0.9999907
0.7466667 	0.9999902
0.7533333 	0.9999897
0.76 	0.9999893
0.7666667 	0.9999888
0.7733333 	0.9999761
0.78 	0.9999633
0.7866667 	0.9999506
0.7933333 	0.9999379
0.8 	0.9999251
0.8066667 	0.9998011
0.8133333 	0.9996771
0.82 	0.999553
0.8266667 	0.999429
0.8333333 	0.999305
0.84 	0.9968314
0.8466667 	0.9943579
0.8533333 	0.9918843
0.86 	0.9894108
0.8666667 	0.9869372
0.8733333 	0.953821
0.88 	0.9207048
0.8866667 	0.8875887
0.8933333 	0.8544725
0.9 	0.8213563
0.9066667 	0.7323483
0.9133333 	0.6433404
0.92 	0.5543325
0.9266667 	0.4653245
0.9333333 	0.3763166
0.94 	0.3098241
0.9466667 	0.2433316
0.9533333 	0.1768391
0.96 	0.1103466
0.9666667 	0.04385406
0.9733333 	0.03535191
0.98 	0.02684976
0.9866667 	0.01834761
0.9933333 	0.009845467
1 	0.00134332
1.006667 	0.001077848
1.013333 	0.0008123765
1.02 	0.0005469048
1.026667 	0.0002814331
1.033333 	1.596147e-05
1.04 	1.277434e-05
1.046667 	9.587209e-06
1.053333 	6.400081e-06
1.06 	3.212953e-06
1.066667 	2.58243e-08
1.073333 	2.065992e-08
1.08 	1.549569e-08
1.086667 	1.033147e-08
1.093333 	5.167247e-09
1.1 	3.02403e-12
1.106667 	2.420602e-12
1.113333 	1.817173e-12
1.12 	1.213744e-12
1.126667 	6.103155e-13
1.133333 	6.886832e-15
1.14 	5.630194e-15
1.146667 	4.373556e-15
1.153333 	3.116919e-15
1.16 	1.860281e-15
1.166667 	6.036435e-16
1.173333 	4.954134e-16
1.18 	3.871833e-16
1.186667 	2.789532e-16
1.193333 	1.707231e-16
1.2 	6.249306e-17
1.206667 	5.121477e-17
1.213333 	3.993648e-17
1.22 	2.865818e-17
1.226667 	1.737989e-17
1.233333 	6.101593e-18
1.24 	4.933715e-18
1.246667 	3.765838e-18
1.253333 	2.59796e-18
1.26 	1.430082e-18
1.266667 	2.622045e-19
1.273333 	2.101909e-19
1.28 	1.581774e-19
1.286667 	1.061639e-19
1.293333 	5.415039e-20
1.3 	2.136891e-21
1.306667 	1.709815e-21
1.313333 	1.28274e-21
1.32 	8.556642e-22
1.326667 	4.285887e-22
1.333333 	1.513126e-24
1.34 	1.210512e-24
1.346667 	9.078975e-25
1.353333 	6.052832e-25
1.36 	3.026689e-25
1.366667 	5.461835e-29
1.373333 	4.368282e-29
1.38 	3.276242e-29
1.386667 	2.184202e-29
1.393333 	1.092161e-29
1.4 	1.212493e-33
1.406667 	9.699987e-34
1.413333 	7.275048e-34
1.42 	4.850109e-34
1.426667 	2.42517e-34
1.433333 	2.309715e-38
1.44 	1.847779e-38
1.446667 	1.385844e-38
1.453333 	9.239083e-39
1.46 	4.619728e-39
1.466667 	3.726619e-43
1.473333 	2.979457e-43
1.48 	2.234606e-43
1.486667 	1.489754e-43
1.493333 	7.449026e-44
1.5 	5.100949e-48
1.506667 	4.080771e-48
1.513333 	3.060594e-48
1.52 	2.040416e-48
1.526667 	1.020239e-48
1.533333 	6.156732e-53
1.54 	4.925399e-53
1.546667 	3.694066e-53
1.553333 	2.462734e-53
1.56 	1.231401e-53
1.566667 	6.866778e-58
1.573333 	5.488511e-58
1.58 	4.116402e-58
1.586667 	2.744292e-58
1.593333 	1.372182e-58
1.6 	7.204803e-63
1.606667 	5.763857e-63
1.613333 	4.322911e-63
1.62 	2.881965e-63
1.626667 	1.441019e-63
1.633333 	7.246857e-68
1.64 	5.7975e-68
1.646667 	4.348143e-68
1.653333 	2.898786e-68
1.66 	1.449429e-68
1.666667 	7.150225e-73
1.673333 	5.714397e-73
1.68 	4.285815e-73
1.686667 	2.857233e-73
1.693333 	1.428652e-73
1.7 	7.014224e-78
1.706667 	5.611393e-78
1.713333 	4.208562e-78
1.72 	2.805731e-78
1.726667 	1.4029e-78
1.733333 	6.961043e-83
1.74 	5.568848e-83
1.746667 	4.176654e-83
1.753333 	2.78446e-83
1.76 	1.392265e-83
1.766667 	7.071114e-88
1.773333 	5.651337e-88
1.78 	4.238521e-88
1.786667 	2.825705e-88
1.793333 	1.412888e-88
1.8 	7.234628e-93
1.806667 	5.787717e-93
1.813333 	4.340806e-93
1.82 	2.893895e-93
1.826667 	1.446984e-93
1.833333 	7.303246e-98
1.84 	5.842611e-98
1.846667 	4.381977e-98
1.853333 	2.921342e-98
1.86 	1.460707e-98
1.866667 	7.226044e-103
1.873333 	5.775007e-103
1.88 	4.331273e-103
1.886667 	2.887539e-103
1.893333 	1.443805e-103
1.9 	7.162962e-108
1.906667 	5.730383e-108
1.913333 	4.297805e-108
1.92 	2.865227e-108
1.926667 	1.432648e-108
1.933333 	7.020098e-113
1.94 	5.616092e-113
1.946667 	4.212086e-113
1.953333 	2.80808e-113
1.96 	1.404074e-113
1.966667 	6.815716e-118
1.973333 	5.446957e-118
1.98 	4.085217e-118
1.986667 	2.723478e-118
1.993333 	1.361739e-118
2 	1.587426e-130
