0 	0.9999483
0.006666667 	0.9999501
0.01333333 	0.9999519
0.02 	0.9999537
0.02666667 	0.9999555
0.03333333 	0.9999573
0.04 	0.9999605
0.04666667 	0.9999637
0.05333333 	0.9999669
0.06 	0.9999702
0.06666667 	0.9999734
0.07333333 	0.9999735
0.08 	0.9999735
0.08666667 	0.9999736
0.09333333 	0.9999737
0.1 	0.9999738
0.1066667 	0.9999686
0.1133333 	0.9999635
0.12 	0.9999583
0.1266667 	0.9999532
0.1333333 	0.999948
0.14 	0.9999442
0.1466667 	0.9999404
0.1533333 	0.9999366
0.16 	0.9999328
0.1666667 	0.999929
0.1733333 	0.9999291
0.18 	0.9999292
0.1866667 	0.9999293
0.1933333 	0.9999294
0.2 	0.9999295
0.2066667 	0.9999271
0.2133333 	0.9999248
0.22 	0.9999224
0.2266667 	0.99992
0.2333333 	0.9999176
0.24 	0.9999169
0.2466667 	0.9999161
0.2533333 	0.9999154
0.26 	0.9999147
0.2666667 	0.9999139
0.2733333 	0.9999208
0.28 	0.9999277
0.2866667 	0.9999346
0.2933333 	0.9999415
0.3 	0.9999484
0.3066667 	0.9999555
0.3133333 	0.9999627
0.32 	0.9999698
0.3266667 	0.999977
0.3333333 	0.9999841
0.34 	0.9999844
0.3466667 	0.9999848
0.3533333 	0.9999851
0.36 	0.9999854
0.3666667 	0.9999858
0.3733333 	0.9999783
0.38 	0.9999708
0.3866667 	0.9999632
0.3933333 	0.9999557
0.4 	0.9999482
0.4066667 	0.9999421
0.4133333 	0.999936
0.42 	0.9999299
0.4266667 	0.9999237
0.4333333 	0.9999176
0.44 	0.9999239
0.4466667 	0.9999301
0.4533333 	0.9999363
0.46 	0.9999426
0.4666667 	0.9999488
0.4733333 	0.9999569
0.48 	0.9999651
0.4866667 	0.9999732
0.4933333 	0.9999814
0.5 	0.9999895
0.5066667 	0.9999913
0.5133333 	0.9999931
0.52 	0.9999948
0.5266667 	0.9999966
0.5333333 	0.9999983
0.54 	0.9999969
0.5466667 	0.9999956
0.5533333 	0.9999942
0.56 	0.9999928
0.5666667 	0.9999914
0.5733333 	0.9999865
0.58 	0.9999815
0.5866667 	0.9999765
0.5933333 	0.9999716
0.6 	0.9999666
0.6066667 	0.9999632
0.6133333 	0.9999598
0.62 	0.9999563
0.6266667 	0.9999529
0.6333333 	0.9999494
0.64 	0.9999536
0.6466667 	0.9999577
0.6533333 	0.9999618
0.66 	0.9999659
0.6666667 	0.99997
0.6733333 	0.9999746
0.68 	0.9999793
0.6866667 	0.9999839
0.6933333 	0.9999886
0.7 	0.9999932
0.7066667 	0.999965
0.7133333 	0.9999367
0.72 	0.9999085
0.7266667 	0.9998802
0.7333333 	0.999852
0.74 	0.9977428
0.7466667 	0.9956337
0.7533333 	0.9935245
0.76 	0.9914154
0.7666667 	0.9893062
0.7733333 	0.9565353
0.78 	0.9237643
0.7866667 	0.8909934
0.7933333 	0.8582225
0.8 	0.8254515
0.8066667 	0.7378778
0.8133333 	0.650304
0.82 	0.5627303
0.8266667 	0.4751565
0.8333333 	0.3875827
0.84 	0.3206469
0.8466667 	0.2537111
0.8533333 	0.1867753
0.86 	0.1198395
0.8666667 	0.05290371
0.8733333 	0.04258922
0.88 	0.03227473
0.8866667 	0.02196024
0.8933333 	0.01164575
0.9 	0.001331258
0.9066667 	0.001067273
0.9133333 	0.0008032874
0.92 	0.000539302
0.9266667 	0.0002753166
0.9333333 	1.133116e-05
0.94 	9.095559e-06
0.9466667 	6.859963e-06
0.9533333 	4.624367e-06
0.96 	2.388771e-06
0.9666667 	1.531746e-07
0.9733333 	1.236027e-07
0.98 	9.403071e-08
0.9866667 	6.445876e-08
0.9933333 	3.488681e-08
1 	5.314869e-09
1.006667 	4.267576e-09
1.013333 	3.220284e-09
1.02 	2.172992e-09
1.026667 	1.1257e-09
1.033333 	7.840762e-11
1.04 	6.277781e-11
1.046667 	4.7148e-11
1.053333 	3.151819e-11
1.06 	1.588838e-11
1.066667 	2.585736e-13
1.073333 	2.069314e-13
1.08 	1.552899e-13
1.086667 	1.036485e-13
1.093333 	5.200701e-14
1.1 	3.655478e-16
1.106667 	2.986886e-16
1.113333 	2.318294e-16
1.12 	1.649702e-16
1.126667 	9.811106e-17
1.133333 	3.125189e-17
1.14 	2.596043e-17
1.146667 	2.066897e-17
1.153333 	1.537751e-17
1.16 	1.008605e-17
1.166667 	4.79459e-18
1.173333 	3.940112e-18
1.18 	3.085634e-18
1.186667 	2.231156e-18
1.193333 	1.376678e-18
1.2 	5.221995e-19
1.206667 	4.266215e-19
1.213333 	3.310435e-19
1.22 	2.354654e-19
1.226667 	1.398874e-19
1.233333 	4.43094e-20
1.24 	3.582177e-20
1.246667 	2.733414e-20
1.253333 	1.884651e-20
1.26 	1.035888e-20
1.266667 	1.871248e-21
1.273333 	1.501249e-21
1.28 	1.131251e-21
1.286667 	7.612521e-22
1.293333 	3.912536e-22
1.3 	2.125501e-23
1.306667 	1.701007e-23
1.313333 	1.276513e-23
1.32 	8.520184e-24
1.326667 	4.275242e-24
1.333333 	3.029978e-26
1.34 	2.424039e-26
1.346667 	1.8181e-26
1.353333 	1.21216e-26
1.36 	6.062213e-27
1.366667 	2.820556e-30
1.373333 	2.256218e-30
1.38 	1.692184e-30
1.386667 	1.128149e-30
1.393333 	5.641151e-31
1.4 	8.077083e-35
1.406667 	6.46171e-35
1.413333 	4.846336e-35
1.42 	3.230963e-35
1.426667 	1.615589e-35
1.433333 	2.158726e-39
1.44 	1.726991e-39
1.446667 	1.295256e-39
1.453333 	8.635217e-40
1.46 	4.317871e-40
1.466667 	5.242387e-44
1.473333 	4.192205e-44
1.48 	3.144182e-44
1.486667 	2.096159e-44
1.493333 	1.048136e-44
1.5 	1.126512e-48
1.506667 	9.012137e-49
1.513333 	6.759156e-49
1.52 	4.506175e-49
1.526667 	2.253194e-49
1.533333 	2.136344e-53
1.54 	1.709082e-53
1.546667 	1.281821e-53
1.553333 	8.54559e-54
1.56 	4.272974e-54
1.566667 	3.587334e-58
1.573333 	2.868169e-58
1.58 	2.15114e-58
1.586667 	1.434112e-58
1.593333 	7.170827e-59
1.6 	5.3877e-63
1.606667 	4.310175e-63
1.613333 	3.23265e-63
1.62 	2.155124e-63
1.626667 	1.077599e-63
1.633333 	7.379839e-68
1.64 	5.90389e-68
1.646667 	4.427941e-68
1.653333 	2.951992e-68
1.66 	1.476043e-68
1.666667 	9.386293e-73
1.673333 	7.503153e-73
1.68 	5.627393e-73
1.686667 	3.751633e-73
1.693333 	1.875872e-73
1.7 	1.123835e-77
1.706667 	8.990704e-78
1.713333 	6.743061e-78
1.72 	4.495417e-78
1.726667 	2.247773e-78
1.733333 	1.290684e-82
1.74 	1.03255e-82
1.746667 	7.744164e-83
1.753333 	5.162824e-83
1.76 	2.581484e-83
1.766667 	1.444713e-87
1.773333 	1.154741e-87
1.78 	8.660598e-88
1.786667 	5.773785e-88
1.793333 	2.886972e-88
1.8 	1.595389e-92
1.806667 	1.276315e-92
1.813333 	9.572404e-93
1.82 	6.381661e-93
1.826667 	3.190919e-93
1.833333 	1.7587e-97
1.84 	1.406964e-97
1.846667 	1.055228e-97
1.853333 	7.034915e-98
1.86 	3.517555e-98
1.866667 	1.941283e-102
1.873333 	1.551624e-102
1.88 	1.163723e-102
1.886667 	7.758225e-103
1.893333 	3.879219e-103
1.9 	2.13602e-107
1.906667 	1.708821e-107
1.913333 	1.281622e-107
1.92 	8.544221e-108
1.926667 	4.272227e-108
1.933333 	2.330847e-112
1.94 	1.864683e-112
1.946667 	1.398518e-112
1.953333 	9.323538e-113
1.96 	4.661894e-113
1.966667 	2.497198e-117
1.973333 	1.995904e-117
1.98 	1.49694e-117
1.986667 	9.979771e-118
1.993333 	4.990137e-118
2 	5.040856e-122
