0 	1.000004
0.006666667 	1.000005
0.01333333 	1.000005
0.02 	1.000005
0.02666667 	1.000005
0.03333333 	1.000005
0.04 	1.000005
0.04666667 	1.000005
0.05333333 	1.000005
0.06 	1.000005
0.06666667 	1.000005
0.07333333 	1.000004
0.08 	1.000004
0.08666667 	1.000004
0.09333333 	1.000004
0.1 	1.000003
0.1066667 	1.000004
0.1133333 	1.000004
0.12 	1.000004
0.1266667 	1.000004
0.1333333 	1.000004
0.14 	1.000005
0.1466667 	1.000005
0.1533333 	1.000005
0.16 	1.000006
0.1666667 	1.000006
0.1733333 	1.000006
0.18 	1.000006
0.1866667 	1.000006
0.1933333 	1.000006
0.2 	1.000005
0.2066667 	1.000005
0.2133333 	1.000005
0.22 	1.000005
0.2266667 	1.000005
0.2333333 	1.000004
0.24 	1.000004
0.2466667 	1.000004
0.2533333 	1.000004
0.26 	1.000004
0.2666667 	1.000004
0.2733333 	1.000004
0.28 	1.000005
0.2866667 	1.000005
0.2933333 	1.000005
0.3 	1.000005
0.3066667 	1.000005
0.3133333 	1.000005
0.32 	1.000005
0.3266667 	1.000006
0.3333333 	1.000006
0.34 	1.000006
0.3466667 	1.000006
0.3533333 	1.000006
0.36 	1.000006
0.3666667 	1.000006
0.3733333 	1.000006
0.38 	1.000006
0.3866667 	1.000006
0.3933333 	1.000006
0.4 	1.000005
0.4066667 	1.000005
0.4133333 	1.000005
0.42 	1.000006
0.4266667 	1.000006
0.4333333 	1.000006
0.44 	1.000006
0.4466667 	1.000006
0.4533333 	1.000006
0.46 	1.000006
0.4666667 	1.000006
0.4733333 	1.000006
0.48 	1.000006
0.4866667 	1.000006
0.4933333 	1.000006
0.5 	1.000006
0.5066667 	1.000006
0.5133333 	1.000006
0.52 	1.000006
0.5266667 	1.000006
0.5333333 	1.000006
0.54 	1.000005
0.5466667 	1.000005
0.5533333 	1.000005
0.56 	1.000005
0.5666667 	1.000005
0.5733333 	1.000005
0.58 	1.000005
0.5866667 	1.000005
0.5933333 	1.000005
0.6 	1.000004
0.6066667 	1.000004
0.6133333 	1.000004
0.62 	1.000004
0.6266667 	1.000003
0.6333333 	1.000003
0.64 	1.000003
0.6466667 	1.000003
0.6533333 	1.000002
0.66 	1.000002
0.6666667 	1.000002
0.6733333 	1.000001
0.68 	1.000001
0.6866667 	1.000001
0.6933333 	1.000001
0.7 	1
0.7066667 	0.9999947
0.7133333 	0.9999891
0.72 	0.9999835
0.7266667 	0.999978
0.7333333 	0.9999724
0.74 	0.9990991
0.7466667 	0.9982258
0.7533333 	0.9973524
0.76 	0.9964791
0.7666667 	0.9956058
0.7733333 	0.9766249
0.78 	0.9576439
0.7866667 	0.938663
0.7933333 	0.919682
0.8 	0.9007011
0.8066667 	0.8202817
0.8133333 	0.7398623
0.82 	0.6594429
0.8266667 	0.5790235
0.8333333 	0.4986041
0.84 	0.4182331
0.8466667 	0.3378621
0.8533333 	0.2574911
0.86 	0.1771201
0.8666667 	0.0967491
0.8733333 	0.07806028
0.88 	0.05937146
0.8866667 	0.04068264
0.8933333 	0.02199382
0.9 	0.003304999
0.9066667 	0.002663288
0.9133333 	0.002021577
0.92 	0.001379866
0.9266667 	0.0007381544
0.9333333 	9.644316e-05
0.94 	7.805243e-05
0.9466667 	5.966169e-05
0.9533333 	4.127096e-05
0.96 	2.288022e-05
0.9666667 	4.489487e-06
0.9733333 	3.614749e-06
0.98 	2.740011e-06
0.9866667 	1.865272e-06
0.9933333 	9.90534e-07
1 	1.157958e-07
1.006667 	9.275061e-08
1.013333 	6.970544e-08
1.02 	4.666026e-08
1.026667 	2.361509e-08
1.033333 	5.699218e-10
1.04 	4.560132e-10
1.046667 	3.421046e-10
1.053333 	2.28196e-10
1.06 	1.142874e-10
1.066667 	3.787831e-13
1.073333 	3.031683e-13
1.08 	2.275593e-13
1.086667 	1.519503e-13
1.093333 	7.634126e-14
1.1 	7.32229e-16
1.106667 	5.864891e-16
1.113333 	4.407491e-16
1.12 	2.950092e-16
1.126667 	1.492692e-16
1.133333 	3.52924e-18
1.14 	2.823891e-18
1.146667 	2.118542e-18
1.153333 	1.413193e-18
1.16 	7.078433e-19
1.166667 	2.494052e-21
1.173333 	1.995251e-21
1.18 	1.496484e-21
1.186667 	9.977177e-22
1.193333 	4.989512e-22
1.2 	1.847302e-25
1.206667 	1.477869e-25
1.213333 	1.108437e-25
1.22 	7.390046e-26
1.226667 	3.695722e-26
1.233333 	1.399006e-29
1.24 	1.119226e-29
1.246667 	8.394455e-30
1.253333 	5.596654e-30
1.26 	2.798854e-30
1.266667 	1.0528e-33
1.273333 	8.421424e-34
1.28 	6.316246e-34
1.286667 	4.211068e-34
1.293333 	2.10589e-34
1.3 	7.120614e-38
1.306667 	5.696578e-38
1.313333 	4.272542e-38
1.32 	2.848505e-38
1.326667 	1.424469e-38
1.333333 	4.328463e-42
1.34 	3.462818e-42
1.346667 	2.597173e-42
1.353333 	1.731528e-42
1.36 	8.658835e-43
1.366667 	2.385793e-46
1.373333 	1.908312e-46
1.38 	1.431264e-46
1.386667 	9.542158e-47
1.393333 	4.771678e-47
1.4 	1.19824e-50
1.406667 	9.586034e-51
1.413333 	7.189663e-51
1.42 	4.793293e-51
1.426667 	2.396922e-51
1.433333 	5.520726e-55
1.44 	4.416627e-55
1.446667 	3.312529e-55
1.453333 	2.208431e-55
1.46 	1.104333e-55
1.466667 	2.342405e-59
1.473333 	1.873501e-59
1.48 	1.405148e-59
1.486667 	9.36796e-60
1.493333 	4.684437e-60
1.5 	9.148427e-64
1.506667 	7.318807e-64
1.513333 	5.489188e-64
1.52 	3.659568e-64
1.526667 	1.829949e-64
1.533333 	3.296427e-68
1.54 	2.637163e-68
1.546667 	1.9779e-68
1.553333 	1.318636e-68
1.56 	6.593731e-69
1.566667 	1.097023e-72
1.573333 	8.773611e-73
1.58 	6.580293e-73
1.586667 	4.386974e-73
1.593333 	2.193656e-73
1.6 	3.376732e-77
1.606667 	2.701405e-77
1.613333 	2.026078e-77
1.62 	1.350751e-77
1.626667 	6.754236e-78
1.633333 	9.655144e-82
1.64 	7.724167e-82
1.646667 	5.793189e-82
1.653333 	3.862212e-82
1.66 	1.931235e-82
1.666667 	2.572224e-86
1.673333 	2.057019e-86
1.68 	1.542781e-86
1.686667 	1.028542e-86
1.693333 	5.143028e-87
1.7 	6.393319e-91
1.706667 	5.114685e-91
1.713333 	3.836051e-91
1.72 	2.557417e-91
1.726667 	1.278783e-91
1.733333 	1.489313e-95
1.74 	1.191457e-95
1.746667 	8.936006e-96
1.753333 	5.957446e-96
1.76 	2.978886e-96
1.766667 	3.264839e-100
1.773333 	2.610693e-100
1.78 	1.958037e-100
1.786667 	1.30538e-100
1.793333 	6.52724e-101
1.8 	6.751781e-105
1.806667 	5.401451e-105
1.813333 	4.051121e-105
1.82 	2.700792e-105
1.826667 	1.350462e-105
1.833333 	1.324471e-109
1.84 	1.059582e-109
1.846667 	7.946926e-110
1.853333 	5.298033e-110
1.86 	2.64914e-110
1.866667 	2.475556e-114
1.873333 	1.979394e-114
1.88 	1.484557e-114
1.886667 	9.897192e-115
1.893333 	4.948817e-115
1.9 	4.421603e-119
1.906667 	3.537298e-119
1.913333 	2.652992e-119
1.92 	1.768687e-119
1.926667 	8.843813e-120
1.933333 	7.590092e-124
1.94 	6.072099e-124
1.946667 	4.554106e-124
1.953333 	3.036113e-124
1.96 	1.518119e-124
1.966667 	1.258886e-128
1.973333 	1.006509e-128
1.98 	7.548916e-129
1.986667 	5.032741e-129
1.993333 	2.516565e-129
2 	3.898616e-133
