0 	0.9999596
0.006666667 	0.9999606
0.01333333 	0.9999616
0.02 	0.9999627
0.02666667 	0.9999637
0.03333333 	0.9999647
0.04 	0.999967
0.04666667 	0.9999693
0.05333333 	0.9999716
0.06 	0.9999739
0.06666667 	0.9999763
0.07333333 	0.9999768
0.08 	0.9999773
0.08666667 	0.9999778
0.09333333 	0.9999783
0.1 	0.9999789
0.1066667 	0.999975
0.1133333 	0.9999711
0.12 	0.9999672
0.1266667 	0.9999633
0.1333333 	0.9999594
0.14 	0.9999516
0.1466667 	0.9999439
0.1533333 	0.9999362
0.16 	0.9999284
0.1666667 	0.9999207
0.1733333 	0.9999127
0.18 	0.9999048
0.1866667 	0.9998969
0.1933333 	0.9998889
0.2 	0.999881
0.2066667 	0.9998767
0.2133333 	0.9998724
0.22 	0.9998681
0.2266667 	0.9998638
0.2333333 	0.9998595
0.24 	0.9998665
0.2466667 	0.9998735
0.2533333 	0.9998805
0.26 	0.9998875
0.2666667 	0.9998945
0.2733333 	0.9999082
0.28 	0.9999218
0.2866667 	0.9999354
0.2933333 	0.999949
0.3 	0.9999627
0.3066667 	0.9999691
0.3133333 	0.9999755
0.32 	0.9999819
0.3266667 	0.9999883
0.3333333 	0.9999948
0.34 	0.9999946
0.3466667 	0.9999945
0.3533333 	0.9999943
0.36 	0.9999942
0.3666667 	0.9999941
0.3733333 	0.9999894
0.38 	0.9999848
0.3866667 	0.9999802
0.3933333 	0.9999756
0.4 	0.999971
0.4066667 	0.9999645
0.4133333 	0.9999579
0.42 	0.9999514
0.4266667 	0.9999448
0.4333333 	0.9999383
0.44 	0.9999401
0.4466667 	0.999942
0.4533333 	0.9999439
0.46 	0.9999457
0.4666667 	0.9999476
0.4733333 	0.9999549
0.48 	0.9999621
0.4866667 	0.9999694
0.4933333 	0.9999766
0.5 	0.9999839
0.5066667 	0.9999866
0.5133333 	0.9999894
0.52 	0.9999921
0.5266667 	0.9999949
0.5333333 	0.9999977
0.54 	0.9999968
0.5466667 	0.9999959
0.5533333 	0.999995
0.56 	0.9999941
0.5666667 	0.9999932
0.5733333 	0.9999897
0.58 	0.9999862
0.5866667 	0.9999827
0.5933333 	0.9999792
0.6 	0.9999757
0.6066667 	0.9999729
0.6133333 	0.9999701
0.62 	0.9999674
0.6266667 	0.9999646
0.6333333 	0.9999618
0.64 	0.999964
0.6466667 	0.9999662
0.6533333 	0.9999684
0.66 	0.9999705
0.6666667 	0.9999727
0.6733333 	0.9999765
0.68 	0.9999803
0.6866667 	0.999984
0.6933333 	0.9999878
0.7 	0.9999916
0.7066667 	0.9999817
0.7133333 	0.9999719
0.72 	0.9999621
0.7266667 	0.9999522
0.7333333 	0.9999424
0.74 	0.9983815
0.7466667 	0.9968206
0.7533333 	0.9952597
0.76 	0.9936989
0.7666667 	0.992138
0.7733333 	0.9645439
0.78 	0.9369498
0.7866667 	0.9093557
0.7933333 	0.8817616
0.8 	0.8541675
0.8066667 	0.7666461
0.8133333 	0.6791248
0.82 	0.5916034
0.8266667 	0.5040821
0.8333333 	0.4165607
0.84 	0.344407
0.8466667 	0.2722532
0.8533333 	0.2000995
0.86 	0.1279457
0.8666667 	0.05579195
0.8733333 	0.04487852
0.88 	0.03396508
0.8866667 	0.02305165
0.8933333 	0.01213821
0.9 	0.001224778
0.9066667 	0.0009840253
0.9133333 	0.0007432727
0.92 	0.00050252
0.9266667 	0.0002617674
0.9333333 	2.101474e-05
0.94 	1.692051e-05
0.9466667 	1.282628e-05
0.9533333 	8.732051e-06
0.96 	4.637821e-06
0.9666667 	5.435909e-07
0.9733333 	4.378053e-07
0.98 	3.320198e-07
0.9866667 	2.262342e-07
0.9933333 	1.204487e-07
1 	1.466309e-08
1.006667 	1.177424e-08
1.013333 	8.885394e-09
1.02 	5.996544e-09
1.026667 	3.107694e-09
1.033333 	2.18844e-10
1.04 	1.751693e-10
1.046667 	1.314946e-10
1.053333 	8.781996e-11
1.06 	4.414528e-11
1.066667 	4.706069e-13
1.073333 	3.765165e-13
1.08 	2.824282e-13
1.086667 	1.8834e-13
1.093333 	9.425174e-14
1.1 	1.634938e-16
1.106667 	1.31349e-16
1.113333 	9.920429e-17
1.12 	6.705953e-17
1.126667 	3.491478e-17
1.133333 	2.770025e-18
1.14 	2.254846e-18
1.146667 	1.739667e-18
1.153333 	1.224488e-18
1.16 	7.093082e-19
1.166667 	1.941289e-19
1.173333 	1.629217e-19
1.18 	1.317144e-19
1.186667 	1.005072e-19
1.193333 	6.929999e-20
1.2 	3.809277e-20
1.206667 	3.267515e-20
1.213333 	2.725753e-20
1.22 	2.18399e-20
1.226667 	1.642228e-20
1.233333 	1.100466e-20
1.24 	9.217837e-21
1.246667 	7.431015e-21
1.253333 	5.644192e-21
1.26 	3.857369e-21
1.266667 	2.070547e-21
1.273333 	1.708555e-21
1.28 	1.346562e-21
1.286667 	9.845701e-22
1.293333 	6.225778e-22
1.3 	2.605856e-22
1.306667 	2.120982e-22
1.313333 	1.636109e-22
1.32 	1.151235e-22
1.326667 	6.663611e-23
1.333333 	1.814875e-23
1.34 	1.462352e-23
1.346667 	1.10983e-23
1.353333 	7.573084e-24
1.36 	4.047863e-24
1.366667 	5.226429e-25
1.373333 	4.188843e-25
1.38 	3.15126e-25
1.386667 	2.113677e-25
1.393333 	1.076093e-25
1.4 	3.850988e-27
1.406667 	3.081755e-27
1.413333 	2.312522e-27
1.42 	1.543289e-27
1.426667 	7.74056e-28
1.433333 	4.823137e-30
1.44 	3.858666e-30
1.446667 	2.894195e-30
1.453333 	1.929723e-30
1.46 	9.652524e-31
1.466667 	7.813729e-34
1.473333 	6.250691e-34
1.48 	4.688135e-34
1.486667 	3.125579e-34
1.493333 	1.563023e-34
1.5 	4.667015e-38
1.506667 	3.733659e-38
1.513333 	2.800304e-38
1.52 	1.866948e-38
1.526667 	9.335922e-39
1.533333 	2.365501e-42
1.54 	1.892422e-42
1.546667 	1.419342e-42
1.553333 	9.462629e-43
1.56 	4.731835e-43
1.566667 	1.041056e-46
1.573333 	8.326639e-47
1.58 	6.24508e-47
1.586667 	4.163521e-47
1.593333 	2.081962e-47
1.6 	4.02598e-51
1.606667 	3.220812e-51
1.613333 	2.415644e-51
1.62 	1.610476e-51
1.626667 	8.053081e-52
1.633333 	1.401617e-55
1.64 	1.121303e-55
1.646667 	8.409888e-56
1.653333 	5.606745e-56
1.66 	2.803602e-56
1.666667 	4.596686e-60
1.673333 	3.676256e-60
1.68 	2.757228e-60
1.686667 	1.838199e-60
1.693333 	9.191705e-61
1.7 	1.419457e-64
1.706667 	1.135574e-64
1.713333 	8.51691e-65
1.72 	5.678081e-65
1.726667 	2.839252e-65
1.733333 	4.223074e-69
1.74 	3.378483e-69
1.746667 	2.533893e-69
1.753333 	1.689302e-69
1.76 	8.447116e-70
1.766667 	1.211192e-73
1.773333 	9.686227e-74
1.78 	7.264755e-74
1.786667 	4.843284e-74
1.793333 	2.421812e-74
1.8 	3.402011e-78
1.806667 	2.721628e-78
1.813333 	2.041245e-78
1.82 	1.360862e-78
1.826667 	6.804784e-79
1.833333 	9.520589e-83
1.84 	7.616525e-83
1.846667 	5.71246e-83
1.853333 	3.808395e-83
1.86 	1.904331e-83
1.866667 	2.658038e-87
1.873333 	2.125684e-87
1.88 	1.594281e-87
1.886667 	1.062879e-87
1.893333 	5.314764e-88
1.9 	7.400867e-92
1.906667 	5.920735e-92
1.913333 	4.440602e-92
1.92 	2.96047e-92
1.926667 	1.480338e-92
1.933333 	2.054628e-96
1.94 	1.643714e-96
1.946667 	1.2328e-96
1.953333 	8.218855e-97
1.96 	4.109715e-97
1.966667 	5.746924e-101
1.973333 	4.595896e-101
1.98 	3.446922e-101
1.986667 	2.297948e-101
1.993333 	1.148974e-101
2 	1.339398e-113
