0 	1.000003
0.006666667 	1.000003
0.01333333 	1.000003
0.02 	1.000004
0.02666667 	1.000004
0.03333333 	1.000004
0.04 	1.000005
0.04666667 	1.000005
0.05333333 	1.000005
0.06 	1.000005
0.06666667 	1.000006
0.07333333 	1.000005
0.08 	1.000005
0.08666667 	1.000005
0.09333333 	1.000005
0.1 	1.000005
0.1066667 	1.000005
0.1133333 	1.000005
0.12 	1.000005
0.1266667 	1.000005
0.1333333 	1.000005
0.14 	1.000005
0.1466667 	1.000005
0.1533333 	1.000005
0.16 	1.000005
0.1666667 	1.000005
0.1733333 	1.000005
0.18 	1.000005
0.1866667 	1.000005
0.1933333 	1.000005
0.2 	1.000005
0.2066667 	1.000005
0.2133333 	1.000005
0.22 	1.000005
0.2266667 	1.000005
0.2333333 	1.000005
0.24 	1.000005
0.2466667 	1.000005
0.2533333 	1.000005
0.26 	1.000005
0.2666667 	1.000005
0.2733333 	1.000005
0.28 	1.000005
0.2866667 	1.000005
0.2933333 	1.000005
0.3 	1.000005
0.3066667 	1.000005
0.3133333 	1.000005
0.32 	1.000005
0.3266667 	1.000005
0.3333333 	1.000005
0.34 	1.000005
0.3466667 	1.000005
0.3533333 	1.000005
0.36 	1.000005
0.3666667 	1.000005
0.3733333 	1.000005
0.38 	1.000005
0.3866667 	1.000005
0.3933333 	1.000005
0.4 	1.000005
0.4066667 	1.000005
0.4133333 	1.000004
0.42 	1.000004
0.4266667 	1.000004
0.4333333 	1.000004
0.44 	1.000004
0.4466667 	1.000004
0.4533333 	1.000004
0.46 	1.000004
0.4666667 	1.000004
0.4733333 	1.000004
0.48 	1.000004
0.4866667 	1.000004
0.4933333 	1.000003
0.5 	1.000003
0.5066667 	1.000003
0.5133333 	1.000003
0.52 	1.000003
0.5266667 	1.000003
0.5333333 	1.000003
0.54 	1.000003
0.5466667 	1.000003
0.5533333 	1.000003
0.56 	1.000003
0.5666667 	1.000003
0.5733333 	1.000003
0.58 	1.000003
0.5866667 	1.000002
0.5933333 	1.000002
0.6 	1.000002
0.6066667 	1.000002
0.6133333 	1.000002
0.62 	1.000002
0.6266667 	1.000002
0.6333333 	1.000002
0.64 	1.000002
0.6466667 	1.000002
0.6533333 	1.000002
0.66 	1.000002
0.6666667 	1.000002
0.6733333 	1.000002
0.68 	1.000001
0.6866667 	1.000001
0.6933333 	1.000001
0.7 	1.000001
0.7066667 	1.000001
0.7133333 	1.000001
0.72 	1.000001
0.7266667 	1.000001
0.7333333 	1.000001
0.74 	1.000001
0.7466667 	1.000001
0.7533333 	1.000001
0.76 	1.000001
0.7666667 	1
0.7733333 	0.9999997
0.78 	0.999999
0.7866667 	0.9999983
0.7933333 	0.9999976
0.8 	0.9999968
0.8066667 	0.9975108
0.8133333 	0.9950247
0.82 	0.9925386
0.8266667 	0.9900526
0.8333333 	0.9875665
0.84 	0.8915621
0.8466667 	0.7955577
0.8533333 	0.6995533
0.86 	0.6035488
0.8666667 	0.5075444
0.8733333 	0.4100399
0.88 	0.3125353
0.8866667 	0.2150308
0.8933333 	0.1175262
0.9 	0.02002164
0.9066667 	0.0160267
0.9133333 	0.01203175
0.92 	0.008036808
0.9266667 	0.004041863
0.9333333 	4.691903e-05
0.94 	3.753572e-05
0.9466667 	2.815241e-05
0.9533333 	1.876909e-05
0.96 	9.385783e-06
0.9666667 	2.471869e-09
0.9733333 	1.977462e-09
0.98 	1.483102e-09
0.9866667 	9.887417e-10
0.9933333 	4.943816e-10
1 	2.16003e-14
1.006667 	1.728027e-14
1.013333 	1.296024e-14
1.02 	8.640214e-15
1.026667 	4.320187e-15
1.033333 	1.59141e-19
1.04 	1.27313e-19
1.046667 	9.548502e-20
1.053333 	6.365704e-20
1.06 	3.182906e-20
1.066667 	1.082446e-24
1.073333 	8.646855e-25
1.08 	6.48516e-25
1.086667 	4.323464e-25
1.093333 	2.161769e-25
1.1 	7.327598e-30
1.106667 	5.86209e-30
1.113333 	4.396581e-30
1.12 	2.931072e-30
1.126667 	1.465563e-30
1.133333 	5.474307e-35
1.14 	4.379455e-35
1.146667 	3.284604e-35
1.153333 	2.189752e-35
1.16 	1.0949e-35
1.166667 	4.884894e-40
1.173333 	3.903546e-40
1.18 	2.927672e-40
1.186667 	1.951799e-40
1.193333 	9.759247e-41
1.2 	5.077162e-45
1.206667 	4.061741e-45
1.213333 	3.04632e-45
1.22 	2.030898e-45
1.226667 	1.015477e-45
1.233333 	5.598327e-50
1.24 	4.478674e-50
1.246667 	3.35902e-50
1.253333 	2.239367e-50
1.26 	1.119714e-50
1.266667 	6.052926e-55
1.273333 	4.837874e-55
1.28 	3.628421e-55
1.286667 	2.418968e-55
1.293333 	1.209515e-55
1.3 	6.163912e-60
1.306667 	4.931141e-60
1.313333 	3.698371e-60
1.32 	2.4656e-60
1.326667 	1.232829e-60
1.333333 	5.856202e-65
1.34 	4.684972e-65
1.346667 	3.513742e-65
1.353333 	2.342512e-65
1.36 	1.171282e-65
1.366667 	5.184152e-70
1.373333 	4.142645e-70
1.38 	3.106995e-70
1.386667 	2.071344e-70
1.393333 	1.035693e-70
1.4 	4.269781e-75
1.406667 	3.415831e-75
1.413333 	2.561881e-75
1.42 	1.707932e-75
1.426667 	8.539824e-76
1.433333 	3.293403e-80
1.44 	2.634727e-80
1.446667 	1.976052e-80
1.453333 	1.317376e-80
1.46 	6.586998e-81
1.466667 	2.387059e-85
1.473333 	1.907016e-85
1.48 	1.430266e-85
1.486667 	9.535161e-86
1.493333 	4.767662e-86
1.5 	1.623865e-90
1.506667 	1.299094e-90
1.513333 	9.74323e-91
1.52 	6.495521e-91
1.526667 	3.247813e-91
1.533333 	1.044081e-95
1.54 	8.352665e-96
1.546667 	6.264514e-96
1.553333 	4.176364e-96
1.56 	2.088214e-96
1.566667 	6.362075e-101
1.573333 	5.081315e-101
1.58 	3.810995e-101
1.586667 	2.540676e-101
1.593333 	1.270356e-101
1.6 	3.663437e-106
1.606667 	2.930754e-106
1.613333 	2.19807e-106
1.62 	1.465387e-106
1.626667 	7.327034e-107
1.633333 	2.007253e-111
1.64 	1.605805e-111
1.646667 	1.204356e-111
1.653333 	8.029077e-112
1.66 	4.014591e-112
1.666667 	1.048743e-116
1.673333 	8.373897e-117
1.68 	6.280435e-117
1.686667 	4.186974e-117
1.693333 	2.093513e-117
1.7 	5.20281e-122
1.706667 	4.162253e-122
1.713333 	3.121696e-122
1.72 	2.081139e-122
1.726667 	1.040582e-122
1.733333 	2.468227e-127
1.74 	1.974584e-127
1.746667 	1.480941e-127
1.753333 	9.872974e-128
1.76 	4.936543e-128
1.766667 	1.121597e-132
1.773333 	8.953038e-133
1.78 	6.714791e-133
1.786667 	4.476543e-133
1.793333 	2.238296e-133
1.8 	4.85536e-138
1.806667 	3.884292e-138
1.813333 	2.913224e-138
1.82 	1.942156e-138
1.826667 	9.71088e-139
1.833333 	2.017868e-143
1.84 	1.614296e-143
1.846667 	1.210724e-143
1.853333 	8.071523e-144
1.86 	4.035804e-144
1.866667 	8.460216e-149
1.873333 	6.767923e-149
1.88 	5.095809e-149
1.886667 	3.423695e-149
1.893333 	1.751582e-149
1.9 	7.946777e-151
1.906667 	6.385662e-151
1.913333 	4.824548e-151
1.92 	3.263433e-151
1.926667 	1.702319e-151
1.933333 	1.412041e-152
1.94 	1.135529e-152
1.946667 	8.590161e-153
1.953333 	5.825036e-153
1.96 	3.059911e-153
1.966667 	2.947866e-154
1.973333 	2.380193e-154
1.98 	1.812521e-154
1.986667 	1.244849e-154
1.993333 	6.771766e-155
2 	1.095046e-155
