0 	0.9999633
0.006666667 	0.9999651
0.01333333 	0.9999668
0.02 	0.9999686
0.02666667 	0.9999704
0.03333333 	0.9999721
0.04 	0.9999744
0.04666667 	0.9999766
0.05333333 	0.9999789
0.06 	0.9999811
0.06666667 	0.9999834
0.07333333 	0.9999817
0.08 	0.9999799
0.08666667 	0.9999782
0.09333333 	0.9999764
0.1 	0.9999747
0.1066667 	0.9999683
0.1133333 	0.9999619
0.12 	0.9999555
0.1266667 	0.999949
0.1333333 	0.9999426
0.14 	0.9999351
0.1466667 	0.9999277
0.1533333 	0.9999202
0.16 	0.9999127
0.1666667 	0.9999052
0.1733333 	0.9998994
0.18 	0.9998936
0.1866667 	0.9998878
0.1933333 	0.999882
0.2 	0.9998762
0.2066667 	0.9998722
0.2133333 	0.9998681
0.22 	0.999864
0.2266667 	0.9998599
0.2333333 	0.9998559
0.24 	0.9998627
0.2466667 	0.9998695
0.2533333 	0.9998763
0.26 	0.9998831
0.2666667 	0.9998899
0.2733333 	0.9999041
0.28 	0.9999182
0.2866667 	0.9999323
0.2933333 	0.9999464
0.3 	0.9999606
0.3066667 	0.9999672
0.3133333 	0.9999738
0.32 	0.9999804
0.3266667 	0.9999871
0.3333333 	0.9999937
0.34 	0.9999941
0.3466667 	0.9999946
0.3533333 	0.999995
0.36 	0.9999955
0.3666667 	0.9999959
0.3733333 	0.9999931
0.38 	0.9999902
0.3866667 	0.9999874
0.3933333 	0.9999846
0.4 	0.9999817
0.4066667 	0.9999776
0.4133333 	0.9999734
0.42 	0.9999692
0.4266667 	0.9999651
0.4333333 	0.9999609
0.44 	0.9999622
0.4466667 	0.9999635
0.4533333 	0.9999648
0.46 	0.9999661
0.4666667 	0.9999674
0.4733333 	0.9999719
0.48 	0.9999763
0.4866667 	0.9999808
0.4933333 	0.9999853
0.5 	0.9999897
0.5066667 	0.9999914
0.5133333 	0.9999931
0.52 	0.9999947
0.5266667 	0.9999964
0.5333333 	0.9999981
0.54 	0.9999978
0.5466667 	0.9999975
0.5533333 	0.9999972
0.56 	0.9999969
0.5666667 	0.9999966
0.5733333 	0.9999942
0.58 	0.9999917
0.5866667 	0.9999893
0.5933333 	0.9999869
0.6 	0.9999845
0.6066667 	0.9999816
0.6133333 	0.9999788
0.62 	0.9999759
0.6266667 	0.9999731
0.6333333 	0.9999702
0.64 	0.9999717
0.6466667 	0.9999732
0.6533333 	0.9999748
0.66 	0.9999763
0.6666667 	0.9999778
0.6733333 	0.9999812
0.68 	0.9999846
0.6866667 	0.999988
0.6933333 	0.9999913
0.7 	0.9999947
0.7066667 	0.9999938
0.7133333 	0.9999928
0.72 	0.9999919
0.7266667 	0.9999909
0.7333333 	0.99999
0.74 	0.9994966
0.7466667 	0.9990032
0.7533333 	0.9985098
0.76 	0.9980164
0.7666667 	0.9975231
0.7733333 	0.9824268
0.78 	0.9673305
0.7866667 	0.9522343
0.7933333 	0.937138
0.8 	0.9220417
0.8066667 	0.8469348
0.8133333 	0.7718278
0.82 	0.6967208
0.8266667 	0.6216138
0.8333333 	0.5465069
0.84 	0.4622615
0.8466667 	0.3780162
0.8533333 	0.2937709
0.86 	0.2095256
0.8666667 	0.1252803
0.8733333 	0.1008924
0.88 	0.07650453
0.8866667 	0.05211666
0.8933333 	0.02772879
0.9 	0.003340921
0.9066667 	0.002684661
0.9133333 	0.0020284
0.92 	0.001372139
0.9266667 	0.0007158789
0.9333333 	5.96183e-05
0.94 	4.79188e-05
0.9466667 	3.621929e-05
0.9533333 	2.451979e-05
0.96 	1.282029e-05
0.9666667 	1.120783e-06
0.9733333 	9.017692e-07
0.98 	6.82755e-07
0.9866667 	4.637409e-07
0.9933333 	2.447267e-07
1 	2.571255e-08
1.006667 	2.065035e-08
1.013333 	1.558816e-08
1.02 	1.052597e-08
1.026667 	5.46377e-09
1.033333 	4.015758e-10
1.04 	3.21503e-10
1.046667 	2.414302e-10
1.053333 	1.613575e-10
1.06 	8.128466e-11
1.066667 	1.211869e-12
1.073333 	9.695854e-13
1.08 	7.273057e-13
1.086667 	4.85026e-13
1.093333 	2.427463e-13
1.1 	4.666223e-16
1.106667 	3.765353e-16
1.113333 	2.864483e-16
1.12 	1.963612e-16
1.126667 	1.062742e-16
1.133333 	1.618715e-17
1.14 	1.316921e-17
1.146667 	1.015126e-17
1.153333 	7.133319e-18
1.16 	4.115375e-18
1.166667 	1.09743e-18
1.173333 	9.065917e-19
1.18 	7.157536e-19
1.186667 	5.249154e-19
1.193333 	3.340773e-19
1.2 	1.432391e-19
1.206667 	1.217513e-19
1.213333 	1.002634e-19
1.22 	7.877554e-20
1.226667 	5.728768e-20
1.233333 	3.579982e-20
1.24 	2.977091e-20
1.246667 	2.3742e-20
1.253333 	1.771309e-20
1.26 	1.168418e-20
1.266667 	5.655267e-21
1.273333 	4.626408e-21
1.28 	3.597549e-21
1.286667 	2.56869e-21
1.293333 	1.53983e-21
1.3 	5.109714e-22
1.306667 	4.1265e-22
1.313333 	3.143286e-22
1.32 	2.160072e-22
1.326667 	1.176858e-22
1.333333 	1.936447e-23
1.34 	1.552996e-23
1.346667 	1.169544e-23
1.353333 	7.860932e-24
1.36 	4.026419e-24
1.366667 	1.91907e-25
1.373333 	1.535856e-25
1.38 	1.152644e-25
1.386667 	7.69432e-26
1.393333 	3.862201e-26
1.4 	3.008141e-28
1.406667 	2.406613e-28
1.413333 	1.805085e-28
1.42 	1.203558e-28
1.426667 	6.020298e-29
1.433333 	5.019883e-32
1.44 	4.015952e-32
1.446667 	3.012021e-32
1.453333 	2.008089e-32
1.46 	1.004158e-32
1.466667 	2.269715e-36
1.473333 	1.815388e-36
1.48 	1.361563e-36
1.486667 	9.07738e-37
1.493333 	4.539132e-37
1.5 	8.831732e-41
1.506667 	7.065448e-41
1.513333 	5.299164e-41
1.52 	3.53288e-41
1.526667 	1.766596e-41
1.533333 	3.126257e-45
1.54 	2.501026e-45
1.546667 	1.875796e-45
1.553333 	1.250566e-45
1.56 	6.253359e-46
1.566667 	1.056907e-49
1.573333 	8.452825e-50
1.58 	6.339707e-50
1.586667 	4.22659e-50
1.593333 	2.113472e-50
1.6 	3.542419e-54
1.606667 	2.833959e-54
1.613333 	2.125499e-54
1.62 	1.41704e-54
1.626667 	7.085798e-55
1.633333 	1.201134e-58
1.64 	9.609153e-59
1.646667 	7.206966e-59
1.653333 	4.80478e-59
1.66 	2.402594e-59
1.666667 	4.071635e-63
1.673333 	3.256374e-63
1.68 	2.442314e-63
1.686667 	1.628254e-63
1.693333 	8.141935e-64
1.7 	1.335171e-67
1.706667 	1.068145e-67
1.713333 	8.011191e-68
1.72 	5.340932e-68
1.726667 	2.670672e-68
1.733333 	4.130451e-72
1.74 	3.304385e-72
1.746667 	2.478318e-72
1.753333 	1.652252e-72
1.76 	8.261856e-73
1.766667 	1.192425e-76
1.773333 	9.536161e-77
1.78 	7.152201e-77
1.786667 	4.768241e-77
1.793333 	2.384281e-77
1.8 	3.20517e-81
1.806667 	2.564152e-81
1.813333 	1.923134e-81
1.82 	1.282116e-81
1.826667 	6.410981e-82
1.833333 	8.018795e-86
1.84 	6.415074e-86
1.846667 	4.811352e-86
1.853333 	3.207631e-86
1.86 	1.60391e-86
1.866667 	1.881919e-90
1.873333 	1.504902e-90
1.88 	1.128687e-90
1.886667 	7.52472e-91
1.893333 	3.762568e-91
1.9 	4.168748e-95
1.906667 	3.335015e-95
1.913333 	2.501283e-95
1.92 	1.667551e-95
1.926667 	8.338195e-96
1.933333 	8.750131e-100
1.94 	7.000141e-100
1.946667 	5.25015e-100
1.953333 	3.500159e-100
1.96 	1.750169e-100
1.966667 	1.780157e-104
1.973333 	1.423425e-104
1.98 	1.067569e-104
1.986667 	7.117127e-105
1.993333 	3.558564e-105
2 	4.148339e-117
