0 	0.9999618
0.006666667 	0.9999636
0.01333333 	0.9999653
0.02 	0.9999671
0.02666667 	0.9999688
0.03333333 	0.9999705
0.04 	0.999973
0.04666667 	0.9999754
0.05333333 	0.9999779
0.06 	0.9999803
0.06666667 	0.9999828
0.07333333 	0.9999807
0.08 	0.9999785
0.08666667 	0.9999764
0.09333333 	0.9999743
0.1 	0.9999722
0.1066667 	0.9999642
0.1133333 	0.9999562
0.12 	0.9999483
0.1266667 	0.9999403
0.1333333 	0.9999323
0.14 	0.9999269
0.1466667 	0.9999215
0.1533333 	0.999916
0.16 	0.9999106
0.1666667 	0.9999051
0.1733333 	0.9999063
0.18 	0.9999075
0.1866667 	0.9999086
0.1933333 	0.9999098
0.2 	0.999911
0.2066667 	0.9999109
0.2133333 	0.9999108
0.22 	0.9999107
0.2266667 	0.9999106
0.2333333 	0.9999106
0.24 	0.9999089
0.2466667 	0.9999072
0.2533333 	0.9999055
0.26 	0.9999038
0.2666667 	0.9999021
0.2733333 	0.9999064
0.28 	0.9999108
0.2866667 	0.9999151
0.2933333 	0.9999195
0.3 	0.9999238
0.3066667 	0.9999325
0.3133333 	0.9999411
0.32 	0.9999498
0.3266667 	0.9999584
0.3333333 	0.9999671
0.34 	0.9999721
0.3466667 	0.999977
0.3533333 	0.999982
0.36 	0.999987
0.3666667 	0.999992
0.3733333 	0.9999918
0.38 	0.9999916
0.3866667 	0.9999914
0.3933333 	0.9999911
0.4 	0.9999909
0.4066667 	0.9999828
0.4133333 	0.9999747
0.42 	0.9999666
0.4266667 	0.9999585
0.4333333 	0.9999504
0.44 	0.9999463
0.4466667 	0.9999423
0.4533333 	0.9999382
0.46 	0.9999342
0.4666667 	0.9999302
0.4733333 	0.9999366
0.48 	0.9999431
0.4866667 	0.9999496
0.4933333 	0.9999561
0.5 	0.9999626
0.5066667 	0.9999678
0.5133333 	0.9999731
0.52 	0.9999784
0.5266667 	0.9999837
0.5333333 	0.999989
0.54 	0.9999912
0.5466667 	0.9999935
0.5533333 	0.9999957
0.56 	0.9999979
0.5666667 	1
0.5733333 	0.9999999
0.58 	0.9999997
0.5866667 	0.9999996
0.5933333 	0.9999994
0.6 	0.9999992
0.6066667 	0.9999956
0.6133333 	0.9999921
0.62 	0.9999885
0.6266667 	0.999985
0.6333333 	0.9999814
0.64 	0.9999773
0.6466667 	0.9999732
0.6533333 	0.9999691
0.66 	0.999965
0.6666667 	0.999961
0.6733333 	0.999963
0.68 	0.999965
0.6866667 	0.9999669
0.6933333 	0.9999689
0.7 	0.9999709
0.7066667 	0.9999748
0.7133333 	0.9999786
0.72 	0.9999824
0.7266667 	0.9999862
0.7333333 	0.99999
0.74 	0.9999897
0.7466667 	0.9999894
0.7533333 	0.9999891
0.76 	0.9999889
0.7666667 	0.9999886
0.7733333 	0.9999762
0.78 	0.9999639
0.7866667 	0.9999516
0.7933333 	0.9999393
0.8 	0.9999269
0.8066667 	0.9998133
0.8133333 	0.9996997
0.82 	0.9995861
0.8266667 	0.9994725
0.8333333 	0.9993589
0.84 	0.9978349
0.8466667 	0.9963108
0.8533333 	0.9947868
0.86 	0.9932627
0.8666667 	0.9917387
0.8733333 	0.9669284
0.88 	0.9421181
0.8866667 	0.9173078
0.8933333 	0.8924975
0.9 	0.8676872
0.9066667 	0.7853543
0.9133333 	0.7030214
0.92 	0.6206885
0.9266667 	0.5383556
0.9333333 	0.4560227
0.94 	0.381661
0.9466667 	0.3072994
0.9533333 	0.2329377
0.96 	0.1585761
0.9666667 	0.08421443
0.9733333 	0.06809131
0.98 	0.0519682
0.9866667 	0.03584508
0.9933333 	0.01972197
1 	0.003598852
1.006667 	0.002886112
1.013333 	0.002173372
1.02 	0.001460632
1.026667 	0.0007478913
1.033333 	3.515116e-05
1.04 	2.813001e-05
1.046667 	2.110886e-05
1.053333 	1.408771e-05
1.06 	7.066554e-06
1.066667 	4.540256e-08
1.073333 	3.632267e-08
1.08 	2.724314e-08
1.086667 	1.81636e-08
1.093333 	9.084065e-09
1.1 	4.527828e-12
1.106667 	3.624668e-12
1.113333 	2.721508e-12
1.12 	1.818348e-12
1.126667 	9.151877e-13
1.133333 	1.202753e-14
1.14 	9.784376e-15
1.146667 	7.541222e-15
1.153333 	5.298069e-15
1.16 	3.054916e-15
1.166667 	8.11763e-16
1.173333 	6.64779e-16
1.18 	5.177951e-16
1.186667 	3.708111e-16
1.193333 	2.238272e-16
1.2 	7.684323e-17
1.206667 	6.294998e-17
1.213333 	4.905673e-17
1.22 	3.516347e-17
1.226667 	2.127022e-17
1.233333 	7.376966e-18
1.24 	5.965445e-18
1.246667 	4.553924e-18
1.253333 	3.142403e-18
1.26 	1.730882e-18
1.266667 	3.193608e-19
1.273333 	2.560114e-19
1.28 	1.92662e-19
1.286667 	1.293127e-19
1.293333 	6.59633e-20
1.3 	2.613948e-21
1.306667 	2.091527e-21
1.313333 	1.569107e-21
1.32 	1.046686e-21
1.326667 	5.242658e-22
1.333333 	1.845291e-24
1.34 	1.476246e-24
1.346667 	1.107201e-24
1.353333 	7.381561e-25
1.36 	3.691112e-25
1.366667 	6.634378e-29
1.373333 	5.306055e-29
1.38 	3.979578e-29
1.386667 	2.653101e-29
1.393333 	1.326623e-29
1.4 	1.460002e-33
1.406667 	1.168007e-33
1.413333 	8.76012e-34
1.42 	5.840172e-34
1.426667 	2.920225e-34
1.433333 	2.769935e-38
1.44 	2.215957e-38
1.446667 	1.661979e-38
1.453333 	1.108001e-38
1.46 	5.540227e-39
1.466667 	4.455497e-43
1.473333 	3.562194e-43
1.48 	2.671661e-43
1.486667 	1.781127e-43
1.493333 	8.905941e-44
1.5 	6.088758e-48
1.506667 	4.871021e-48
1.513333 	3.653284e-48
1.52 	2.435547e-48
1.526667 	1.21781e-48
1.533333 	7.354912e-53
1.54 	5.883946e-53
1.546667 	4.41298e-53
1.553333 	2.942014e-53
1.56 	1.471048e-53
1.566667 	8.214766e-58
1.573333 	6.565947e-58
1.58 	4.924481e-58
1.586667 	3.283016e-58
1.593333 	1.641551e-58
1.6 	8.630305e-63
1.606667 	6.904261e-63
1.613333 	5.178217e-63
1.62 	3.452174e-63
1.626667 	1.72613e-63
1.633333 	8.691154e-68
1.64 	6.95294e-68
1.646667 	5.214727e-68
1.653333 	3.476513e-68
1.66 	1.738299e-68
1.666667 	8.582541e-73
1.673333 	6.859097e-73
1.68 	5.144344e-73
1.686667 	3.429591e-73
1.693333 	1.714838e-73
1.7 	8.436261e-78
1.706667 	6.749026e-78
1.713333 	5.06179e-78
1.72 	3.374555e-78
1.726667 	1.687319e-78
1.733333 	8.382075e-83
1.74 	6.705677e-83
1.746667 	5.029279e-83
1.753333 	3.352881e-83
1.76 	1.676483e-83
1.766667 	8.523321e-88
1.773333 	6.811968e-88
1.78 	5.108998e-88
1.786667 	3.406028e-88
1.793333 	1.703058e-88
1.8 	8.723198e-93
1.806667 	6.978576e-93
1.813333 	5.233954e-93
1.82 	3.489332e-93
1.826667 	1.74471e-93
1.833333 	8.800393e-98
1.84 	7.040332e-98
1.846667 	5.280271e-98
1.853333 	3.520209e-98
1.86 	1.760148e-98
1.866667 	8.694022e-103
1.873333 	6.948195e-103
1.88 	5.211167e-103
1.886667 	3.47414e-103
1.893333 	1.737113e-103
1.9 	8.597733e-108
1.906667 	6.878203e-108
1.913333 	5.158673e-108
1.92 	3.439144e-108
1.926667 	1.719614e-108
1.933333 	8.404319e-113
1.94 	6.723472e-113
1.946667 	5.042624e-113
1.953333 	3.361777e-113
1.96 	1.680929e-113
1.966667 	8.135597e-118
1.973333 	6.501754e-118
1.98 	4.876315e-118
1.986667 	3.250877e-118
1.993333 	1.625438e-118
2 	1.894829e-130
