0 	1.000003
0.006666667 	1.000003
0.01333333 	1.000003
0.02 	1.000003
0.02666667 	1.000004
0.03333333 	1.000004
0.04 	1.000004
0.04666667 	1.000004
0.05333333 	1.000004
0.06 	1.000004
0.06666667 	1.000004
0.07333333 	1.000004
0.08 	1.000004
0.08666667 	1.000003
0.09333333 	1.000003
0.1 	1.000003
0.1066667 	1.000003
0.1133333 	1.000003
0.12 	1.000003
0.1266667 	1.000004
0.1333333 	1.000004
0.14 	1.000004
0.1466667 	1.000004
0.1533333 	1.000004
0.16 	1.000004
0.1666667 	1.000004
0.1733333 	1.000004
0.18 	1.000003
0.1866667 	1.000003
0.1933333 	1.000003
0.2 	1.000003
0.2066667 	1.000003
0.2133333 	1.000003
0.22 	1.000003
0.2266667 	1.000003
0.2333333 	1.000003
0.24 	1.000003
0.2466667 	1.000003
0.2533333 	1.000004
0.26 	1.000004
0.2666667 	1.000004
0.2733333 	1.000004
0.28 	1.000004
0.2866667 	1.000004
0.2933333 	1.000004
0.3 	1.000004
0.3066667 	1.000003
0.3133333 	1.000003
0.32 	1.000003
0.3266667 	1.000003
0.3333333 	1.000002
0.34 	1.000003
0.3466667 	1.000003
0.3533333 	1.000003
0.36 	1.000004
0.3666667 	1.000004
0.3733333 	1.000004
0.38 	1.000004
0.3866667 	1.000004
0.3933333 	1.000004
0.4 	1.000004
0.4066667 	1.000003
0.4133333 	1.000003
0.42 	1.000003
0.4266667 	1.000002
0.4333333 	1.000002
0.44 	1.000002
0.4466667 	1.000002
0.4533333 	1.000002
0.46 	1.000003
0.4666667 	1.000003
0.4733333 	1.000002
0.48 	1.000002
0.4866667 	1.000002
0.4933333 	1.000002
0.5 	1.000002
0.5066667 	1.000002
0.5133333 	1.000002
0.52 	1.000001
0.5266667 	1.000001
0.5333333 	1.000001
0.54 	1.000001
0.5466667 	1.000002
0.5533333 	1.000002
0.56 	1.000002
0.5666667 	1.000002
0.5733333 	1.000002
0.58 	1.000002
0.5866667 	1.000002
0.5933333 	1.000002
0.6 	1.000001
0.6066667 	1.000001
0.6133333 	1.000001
0.62 	1.000001
0.6266667 	1.000001
0.6333333 	1.000001
0.64 	1.000001
0.6466667 	1.000001
0.6533333 	1.000001
0.66 	1.000001
0.6666667 	1.000001
0.6733333 	1.000001
0.68 	1.000001
0.6866667 	1.000001
0.6933333 	1.000001
0.7 	1.000001
0.7066667 	1.000001
0.7133333 	1.000001
0.72 	1.000001
0.7266667 	1.000001
0.7333333 	1.000001
0.74 	1.000001
0.7466667 	1.000001
0.7533333 	1
0.76 	1
0.7666667 	1
0.7733333 	0.9999994
0.78 	0.9999985
0.7866667 	0.9999975
0.7933333 	0.9999966
0.8 	0.9999957
0.8066667 	0.9975414
0.8133333 	0.9950872
0.82 	0.9926329
0.8266667 	0.9901787
0.8333333 	0.9877244
0.84 	0.8998789
0.8466667 	0.8120334
0.8533333 	0.7241878
0.86 	0.6363423
0.8666667 	0.5484968
0.8733333 	0.4510172
0.88 	0.3535377
0.8866667 	0.2560582
0.8933333 	0.1585787
0.9 	0.06109922
0.9066667 	0.04894561
0.9133333 	0.03679199
0.92 	0.02463837
0.9266667 	0.01248476
0.9333333 	0.0003311387
0.94 	0.0002649206
0.9466667 	0.0001987026
0.9533333 	0.0001324845
0.96 	6.626643e-05
0.9666667 	4.836412e-08
0.9733333 	3.869113e-08
0.98 	2.901848e-08
0.9866667 	1.934583e-08
0.9933333 	9.67318e-09
1 	5.293754e-13
1.006667 	4.235013e-13
1.013333 	3.176272e-13
1.02 	2.11753e-13
1.026667 	1.058789e-13
1.033333 	4.794768e-18
1.04 	3.835822e-18
1.046667 	2.876876e-18
1.053333 	1.91793e-18
1.06 	9.589834e-19
1.066667 	3.714951e-23
1.073333 	2.96813e-23
1.08 	2.226104e-23
1.086667 	1.484077e-23
1.093333 	7.42051e-24
1.1 	2.468804e-28
1.106667 	1.975046e-28
1.113333 	1.481288e-28
1.12 	9.875302e-29
1.126667 	4.937723e-29
1.133333 	1.441837e-33
1.14 	1.153471e-33
1.146667 	8.65105e-34
1.153333 	5.767391e-34
1.16 	2.883733e-34
1.166667 	7.518276e-39
1.173333 	6.003093e-39
1.18 	4.502329e-39
1.186667 	3.001564e-39
1.193333 	1.5008e-39
1.2 	3.529166e-44
1.206667 	2.823336e-44
1.213333 	2.117506e-44
1.22 	1.411676e-44
1.226667 	7.058453e-45
1.233333 	1.512326e-49
1.24 	1.209862e-49
1.246667 	9.073979e-50
1.253333 	6.049339e-50
1.26 	3.024699e-50
1.266667 	5.968395e-55
1.273333 	4.762622e-55
1.28 	3.571972e-55
1.286667 	2.381322e-55
1.293333 	1.190672e-55
1.3 	2.160304e-60
1.306667 	1.728245e-60
1.313333 	1.296185e-60
1.32 	8.641259e-61
1.326667 	4.320666e-61
1.333333 	7.241123e-66
1.34 	5.792903e-66
1.346667 	4.344683e-66
1.353333 	2.896463e-66
1.36 	1.448243e-66
1.366667 	2.258252e-71
1.373333 	1.80081e-71
1.38 	1.350609e-71
1.386667 	9.004084e-72
1.393333 	4.502075e-72
1.4 	6.486508e-77
1.406667 	5.189209e-77
1.413333 	3.891911e-77
1.42 	2.594613e-77
1.426667 	1.297315e-77
1.433333 	1.737898e-82
1.44 	1.390319e-82
1.446667 	1.04274e-82
1.453333 	6.951617e-83
1.46 	3.47583e-83
1.466667 	4.36168e-88
1.473333 	3.475443e-88
1.48 	2.606585e-88
1.486667 	1.737727e-88
1.493333 	8.688684e-89
1.5 	1.013487e-93
1.506667 	8.107896e-94
1.513333 	6.080928e-94
1.52 	4.053959e-94
1.526667 	2.026991e-94
1.533333 	2.214609e-99
1.54 	1.771688e-99
1.546667 	1.328767e-99
1.553333 	8.858463e-100
1.56 	4.429254e-100
1.566667 	4.574049e-105
1.573333 	3.641524e-105
1.58 	2.731145e-105
1.586667 	1.820766e-105
1.593333 	9.103876e-106
1.6 	8.81327e-111
1.606667 	7.050618e-111
1.613333 	5.287968e-111
1.62 	3.525317e-111
1.626667 	1.762667e-111
1.633333 	1.611936e-116
1.64 	1.289549e-116
1.646667 	9.671625e-117
1.653333 	6.447759e-117
1.66 	3.223894e-117
1.666667 	2.81395e-122
1.673333 	2.238265e-122
1.68 	1.6787e-122
1.686667 	1.119135e-122
1.693333 	5.595697e-123
1.7 	4.621477e-128
1.706667 	3.697182e-128
1.713333 	2.772889e-128
1.72 	1.848595e-128
1.726667 	9.24301e-129
1.733333 	7.278236e-134
1.74 	5.822591e-134
1.746667 	4.366946e-134
1.753333 	2.911301e-134
1.76 	1.455656e-134
1.766667 	1.103193e-139
1.773333 	8.767318e-140
1.78 	6.575493e-140
1.786667 	4.383667e-140
1.793333 	2.191841e-140
1.8 	1.582385e-145
1.806667 	1.265915e-145
1.813333 	9.49446e-146
1.82 	6.329768e-146
1.826667 	3.165076e-146
1.833333 	3.847305e-150
1.84 	3.088267e-150
1.846667 	2.32923e-150
1.853333 	1.570193e-150
1.86 	8.111558e-151
1.866667 	5.211852e-152
1.873333 	4.178484e-152
1.88 	3.145119e-152
1.886667 	2.111754e-152
1.893333 	1.078389e-152
1.9 	4.502413e-154
1.906667 	3.607809e-154
1.913333 	2.713204e-154
1.92 	1.8186e-154
1.926667 	9.239957e-155
1.933333 	2.939152e-156
1.94 	2.354751e-156
1.946667 	1.77035e-156
1.953333 	1.185949e-156
1.96 	6.015482e-157
1.966667 	1.714709e-158
1.973333 	1.375696e-158
1.98 	1.036686e-158
1.986667 	6.976758e-159
1.993333 	3.586656e-159
2 	1.965538e-160
