0 	1
0.006666667 	1
0.01333333 	0.9999996
0.02 	0.9999992
0.02666667 	0.9999988
0.03333333 	0.9999984
0.04 	0.9999981
0.04666667 	0.9999978
0.05333333 	0.9999975
0.06 	0.9999973
0.06666667 	0.999997
0.07333333 	0.9999965
0.08 	0.9999961
0.08666667 	0.9999956
0.09333333 	0.9999951
0.1 	0.9999947
0.1066667 	0.9999934
0.1133333 	0.9999921
0.12 	0.9999909
0.1266667 	0.9999896
0.1333333 	0.9999883
0.14 	0.9999888
0.1466667 	0.9999894
0.1533333 	0.9999899
0.16 	0.9999904
0.1666667 	0.9999909
0.1733333 	0.9999924
0.18 	0.9999939
0.1866667 	0.9999954
0.1933333 	0.9999968
0.2 	0.9999983
0.2066667 	0.9999986
0.2133333 	0.9999989
0.22 	0.9999991
0.2266667 	0.9999994
0.2333333 	0.9999997
0.24 	0.9999994
0.2466667 	0.9999991
0.2533333 	0.9999989
0.26 	0.9999986
0.2666667 	0.9999983
0.2733333 	0.9999985
0.28 	0.9999986
0.2866667 	0.9999987
0.2933333 	0.9999989
0.3 	0.999999
0.3066667 	0.9999995
0.3133333 	0.9999999
0.32 	1
0.3266667 	1.000001
0.3333333 	1.000001
0.34 	1.000001
0.3466667 	1.000001
0.3533333 	1.000001
0.36 	1.000002
0.3666667 	1.000002
0.3733333 	1.000001
0.38 	1.000001
0.3866667 	1.000001
0.3933333 	1.000001
0.4 	1.000001
0.4066667 	1.000001
0.4133333 	1.000001
0.42 	1.000001
0.4266667 	1.000001
0.4333333 	1.000001
0.44 	1.000001
0.4466667 	1.000001
0.4533333 	1.000002
0.46 	1.000002
0.4666667 	1.000002
0.4733333 	1.000002
0.48 	1.000002
0.4866667 	1.000003
0.4933333 	1.000003
0.5 	1.000003
0.5066667 	1.000004
0.5133333 	1.000004
0.52 	1.000005
0.5266667 	1.000005
0.5333333 	1.000006
0.54 	1.000006
0.5466667 	1.000006
0.5533333 	1.000006
0.56 	1.000007
0.5666667 	1.000007
0.5733333 	1.000007
0.58 	1.000007
0.5866667 	1.000007
0.5933333 	1.000006
0.6 	1.000006
0.6066667 	1.000006
0.6133333 	1.000005
0.62 	1.000005
0.6266667 	1.000004
0.6333333 	1.000004
0.64 	1.000004
0.6466667 	1.000003
0.6533333 	1.000003
0.66 	1.000002
0.6666667 	1.000002
0.6733333 	1.000002
0.68 	1.000001
0.6866667 	1.000001
0.6933333 	1.000001
0.7 	1.000001
0.7066667 	0.9999993
0.7133333 	0.9999979
0.72 	0.9999966
0.7266667 	0.9999953
0.7333333 	0.9999939
0.74 	0.9999445
0.7466667 	0.9998951
0.7533333 	0.9998457
0.76 	0.9997963
0.7666667 	0.9997469
0.7733333 	0.999136
0.78 	0.9985251
0.7866667 	0.9979142
0.7933333 	0.9973033
0.8 	0.9966924
0.8066667 	0.9837854
0.8133333 	0.9708784
0.82 	0.9579714
0.8266667 	0.9450644
0.8333333 	0.9321574
0.84 	0.8609249
0.8466667 	0.7896924
0.8533333 	0.7184599
0.86 	0.6472274
0.8666667 	0.5759949
0.8733333 	0.4911615
0.88 	0.4063282
0.8866667 	0.3214949
0.8933333 	0.2366616
0.9 	0.1518283
0.9066667 	0.1237075
0.9133333 	0.09558678
0.92 	0.06746601
0.9266667 	0.03934525
0.9333333 	0.01122448
0.94 	0.00901427
0.9466667 	0.006804058
0.9533333 	0.004593845
0.96 	0.002383633
0.9666667 	0.0001734202
0.9733333 	0.0001388103
0.98 	0.0001042004
0.9866667 	6.959052e-05
0.9933333 	3.498063e-05
1 	3.707376e-07
1.006667 	2.967097e-07
1.013333 	2.226817e-07
1.02 	1.486538e-07
1.026667 	7.462584e-08
1.033333 	5.978943e-10
1.04 	4.902204e-10
1.046667 	3.825466e-10
1.053333 	2.748727e-10
1.06 	1.671988e-10
1.066667 	5.952491e-11
1.073333 	4.877338e-11
1.08 	3.802186e-11
1.086667 	2.727034e-11
1.093333 	1.651882e-11
1.1 	5.767293e-12
1.106667 	4.735851e-12
1.113333 	3.704409e-12
1.12 	2.672967e-12
1.126667 	1.641525e-12
1.133333 	6.100832e-13
1.14 	5.311685e-13
1.146667 	4.522539e-13
1.153333 	3.733392e-13
1.16 	2.944246e-13
1.166667 	2.155099e-13
1.173333 	1.859274e-13
1.18 	1.56345e-13
1.186667 	1.267625e-13
1.193333 	9.718002e-14
1.2 	6.759755e-14
1.206667 	5.651898e-14
1.213333 	4.544041e-14
1.22 	3.436185e-14
1.226667 	2.328328e-14
1.233333 	1.220471e-14
1.24 	1.001409e-14
1.246667 	7.823473e-15
1.253333 	5.632855e-15
1.26 	3.442237e-15
1.266667 	1.251619e-15
1.273333 	1.016483e-15
1.28 	7.813474e-16
1.286667 	5.462117e-16
1.293333 	3.110759e-16
1.3 	7.594021e-17
1.306667 	6.110839e-17
1.313333 	4.627658e-17
1.32 	3.144477e-17
1.326667 	1.661296e-17
1.333333 	1.781149e-18
1.34 	1.426603e-18
1.346667 	1.072057e-18
1.353333 	7.175116e-19
1.36 	3.629658e-19
1.366667 	8.41996e-21
1.373333 	6.736842e-21
1.38 	5.053741e-21
1.386667 	3.37064e-21
1.393333 	1.687539e-21
1.4 	4.438681e-24
1.406667 	3.550986e-24
1.413333 	2.663292e-24
1.42 	1.775597e-24
1.426667 	8.879029e-25
1.433333 	2.085493e-28
1.44 	1.668411e-28
1.446667 	1.251329e-28
1.453333 	8.34247e-29
1.46 	4.171649e-29
1.466667 	8.277732e-33
1.473333 	6.620575e-33
1.48 	4.965504e-33
1.486667 	3.310432e-33
1.493333 	1.655361e-33
1.5 	2.89384e-37
1.506667 	2.31509e-37
1.513333 	1.73634e-37
1.52 	1.157589e-37
1.526667 	5.788392e-38
1.533333 	8.904313e-42
1.54 	7.123499e-42
1.546667 	5.342685e-42
1.553333 	3.561871e-42
1.56 	1.781057e-42
1.566667 	2.435134e-46
1.573333 	1.947407e-46
1.58 	1.46057e-46
1.586667 	9.737334e-47
1.593333 	4.868966e-47
1.6 	5.978001e-51
1.606667 	4.782428e-51
1.613333 	3.586854e-51
1.62 	2.391281e-51
1.626667 	1.195707e-51
1.633333 	1.334221e-55
1.64 	1.067383e-55
1.646667 	8.005438e-56
1.653333 	5.33705e-56
1.66 	2.668662e-56
1.666667 	2.736545e-60
1.673333 	2.188179e-60
1.68 	1.641147e-60
1.686667 	1.094116e-60
1.693333 	5.470838e-61
1.7 	5.191277e-65
1.706667 	4.15304e-65
1.713333 	3.114803e-65
1.72 	2.076566e-65
1.726667 	1.038329e-65
1.733333 	9.166311e-70
1.74 	7.333079e-70
1.746667 	5.499847e-70
1.753333 	3.666615e-70
1.76 	1.833383e-70
1.766667 	1.510922e-74
1.773333 	1.208009e-74
1.78 	9.060127e-75
1.786667 	6.040162e-75
1.793333 	3.020197e-75
1.8 	2.324659e-79
1.806667 	1.859734e-79
1.813333 	1.394809e-79
1.82 	9.298836e-80
1.826667 	4.649586e-80
1.833333 	3.352743e-84
1.84 	2.682204e-84
1.846667 	2.011664e-84
1.853333 	1.341125e-84
1.86 	6.705851e-85
1.866667 	4.550548e-89
1.873333 	3.637768e-89
1.88 	2.72834e-89
1.886667 	1.818913e-89
1.893333 	9.094857e-90
1.9 	5.82982e-94
1.906667 	4.66387e-94
1.913333 	3.49792e-94
1.92 	2.331971e-94
1.926667 	1.166021e-94
1.933333 	7.120276e-99
1.94 	5.696238e-99
1.946667 	4.272199e-99
1.953333 	2.848161e-99
1.96 	1.424122e-99
1.966667 	8.370791e-104
1.973333 	6.690974e-104
1.98 	5.018277e-104
1.986667 	3.34558e-104
1.993333 	1.672883e-104
2 	1.864498e-108
