0 	1.000003
0.006666667 	1.000003
0.01333333 	1.000003
0.02 	1.000003
0.02666667 	1.000003
0.03333333 	1.000004
0.04 	1.000004
0.04666667 	1.000004
0.05333333 	1.000004
0.06 	1.000004
0.06666667 	1.000004
0.07333333 	1.000004
0.08 	1.000004
0.08666667 	1.000003
0.09333333 	1.000003
0.1 	1.000003
0.1066667 	1.000003
0.1133333 	1.000003
0.12 	1.000003
0.1266667 	1.000003
0.1333333 	1.000003
0.14 	1.000003
0.1466667 	1.000003
0.1533333 	1.000004
0.16 	1.000004
0.1666667 	1.000004
0.1733333 	1.000004
0.18 	1.000003
0.1866667 	1.000003
0.1933333 	1.000003
0.2 	1.000003
0.2066667 	1.000003
0.2133333 	1.000003
0.22 	1.000003
0.2266667 	1.000003
0.2333333 	1.000003
0.24 	1.000003
0.2466667 	1.000003
0.2533333 	1.000004
0.26 	1.000004
0.2666667 	1.000004
0.2733333 	1.000004
0.28 	1.000004
0.2866667 	1.000004
0.2933333 	1.000004
0.3 	1.000004
0.3066667 	1.000004
0.3133333 	1.000003
0.32 	1.000003
0.3266667 	1.000003
0.3333333 	1.000003
0.34 	1.000003
0.3466667 	1.000003
0.3533333 	1.000003
0.36 	1.000004
0.3666667 	1.000004
0.3733333 	1.000004
0.38 	1.000004
0.3866667 	1.000004
0.3933333 	1.000004
0.4 	1.000004
0.4066667 	1.000003
0.4133333 	1.000003
0.42 	1.000003
0.4266667 	1.000003
0.4333333 	1.000003
0.44 	1.000003
0.4466667 	1.000003
0.4533333 	1.000003
0.46 	1.000003
0.4666667 	1.000003
0.4733333 	1.000002
0.48 	1.000002
0.4866667 	1.000002
0.4933333 	1.000002
0.5 	1.000002
0.5066667 	1.000002
0.5133333 	1.000002
0.52 	1.000002
0.5266667 	1.000002
0.5333333 	1.000001
0.54 	1.000002
0.5466667 	1.000002
0.5533333 	1.000002
0.56 	1.000002
0.5666667 	1.000002
0.5733333 	1.000002
0.58 	1.000002
0.5866667 	1.000002
0.5933333 	1.000002
0.6 	1.000002
0.6066667 	1.000001
0.6133333 	1.000001
0.62 	1.000001
0.6266667 	1.000001
0.6333333 	1.000001
0.64 	1.000001
0.6466667 	1.000001
0.6533333 	1.000001
0.66 	1.000001
0.6666667 	1.000001
0.6733333 	1.000001
0.68 	1.000001
0.6866667 	1.000001
0.6933333 	1.000001
0.7 	1.000001
0.7066667 	1.000001
0.7133333 	1.000001
0.72 	1.000001
0.7266667 	1.000001
0.7333333 	1.000001
0.74 	1.000001
0.7466667 	1.000001
0.7533333 	1.000001
0.76 	1.000001
0.7666667 	1.000001
0.7733333 	0.9999994
0.78 	0.9999983
0.7866667 	0.9999971
0.7933333 	0.999996
0.8 	0.9999949
0.8066667 	0.9970383
0.8133333 	0.9940817
0.82 	0.9911252
0.8266667 	0.9881686
0.8333333 	0.985212
0.84 	0.8907809
0.8466667 	0.7963498
0.8533333 	0.7019187
0.86 	0.6074876
0.8666667 	0.5130565
0.8733333 	0.4160194
0.88 	0.3189823
0.8866667 	0.2219452
0.8933333 	0.1249081
0.9 	0.02787103
0.9066667 	0.02230317
0.9133333 	0.0167353
0.92 	0.01116744
0.9266667 	0.005599577
0.9333333 	3.171444e-05
0.94 	2.537163e-05
0.9466667 	1.902882e-05
0.9533333 	1.268602e-05
0.96 	6.343209e-06
0.9666667 	4.013059e-10
0.9733333 	3.210197e-10
0.98 	2.407653e-10
0.9866667 	1.605109e-10
0.9933333 	8.025644e-11
1 	2.010754e-15
1.006667 	1.608605e-15
1.013333 	1.206456e-15
1.02 	8.043071e-16
1.026667 	4.021583e-16
1.033333 	9.474145e-21
1.04 	7.579324e-21
1.046667 	5.684503e-21
1.053333 	3.789682e-21
1.06 	1.894861e-21
1.066667 	4.060863e-26
1.073333 	3.241115e-26
1.08 	2.43084e-26
1.086667 	1.620565e-26
1.093333 	8.102903e-27
1.1 	1.555567e-31
1.106667 	1.244454e-31
1.113333 	9.333422e-32
1.12 	6.222299e-32
1.126667 	3.111176e-32
1.133333 	5.338376e-37
1.14 	4.270704e-37
1.146667 	3.203032e-37
1.153333 	2.13536e-37
1.16 	1.067688e-37
1.166667 	1.652437e-42
1.173333 	1.31768e-42
1.18 	9.882613e-43
1.186667 	6.588424e-43
1.193333 	3.294235e-43
1.2 	4.5982e-48
1.206667 	3.678563e-48
1.213333 	2.758925e-48
1.22 	1.839287e-48
1.226667 	9.196494e-49
1.233333 	1.174013e-53
1.24 	9.39211e-54
1.246667 	7.044089e-54
1.253333 	4.696069e-54
1.26 	2.348048e-54
1.266667 	2.765358e-59
1.273333 	2.202896e-59
1.28 	1.652173e-59
1.286667 	1.101451e-59
1.293333 	5.507285e-60
1.3 	5.990456e-65
1.306667 	4.792367e-65
1.313333 	3.594278e-65
1.32 	2.39619e-65
1.326667 	1.198101e-65
1.333333 	1.211401e-70
1.34 	9.691211e-71
1.346667 	7.268414e-71
1.353333 	4.845617e-71
1.36 	2.42282e-71
1.366667 	2.299294e-76
1.373333 	1.829745e-76
1.38 	1.37231e-76
1.386667 	9.148744e-77
1.393333 	4.574392e-77
1.4 	4.052493e-82
1.406667 	3.241995e-82
1.413333 	2.431498e-82
1.42 	1.621001e-82
1.426667 	8.105039e-83
1.433333 	6.729975e-88
1.44 	5.383982e-88
1.446667 	4.037989e-88
1.453333 	2.691996e-88
1.46 	1.346003e-88
1.466667 	1.057273e-93
1.473333 	8.404343e-94
1.48 	6.303261e-94
1.486667 	4.202179e-94
1.493333 	2.101097e-94
1.5 	1.545632e-99
1.506667 	1.236506e-99
1.513333 	9.273801e-100
1.52 	6.182541e-100
1.526667 	3.091281e-100
1.533333 	2.14027e-105
1.54 	1.712217e-105
1.546667 	1.284163e-105
1.553333 	8.561097e-106
1.56 	4.280563e-106
1.566667 	2.812352e-111
1.573333 	2.23276e-111
1.58 	1.674571e-111
1.586667 	1.116382e-111
1.593333 	5.581926e-112
1.6 	3.433268e-117
1.606667 	2.746615e-117
1.613333 	2.059962e-117
1.62 	1.373309e-117
1.626667 	6.866567e-118
1.633333 	3.982047e-123
1.64 	3.185639e-123
1.646667 	2.38923e-123
1.653333 	1.592822e-123
1.66 	7.96413e-124
1.666667 	4.392286e-129
1.673333 	3.481973e-129
1.68 	2.611481e-129
1.686667 	1.740989e-129
1.693333 	8.704966e-130
1.7 	4.488844e-135
1.706667 	3.591076e-135
1.713333 	2.693308e-135
1.72 	1.79554e-135
1.726667 	8.977722e-136
1.733333 	4.373907e-141
1.74 	3.499126e-141
1.746667 	2.624346e-141
1.753333 	1.749565e-141
1.76 	8.747847e-142
1.766667 	4.074755e-147
1.773333 	3.22518e-147
1.78 	2.419345e-147
1.786667 	1.613509e-147
1.793333 	8.076742e-148
1.8 	1.839059e-150
1.806667 	1.472628e-150
1.813333 	1.106198e-150
1.82 	7.397666e-151
1.826667 	3.733358e-151
1.833333 	6.904887e-153
1.84 	5.528462e-153
1.846667 	4.152038e-153
1.853333 	2.775614e-153
1.86 	1.39919e-153
1.866667 	2.276525e-155
1.873333 	1.822932e-155
1.88 	1.369347e-155
1.886667 	9.157607e-156
1.893333 	4.621749e-156
1.9 	8.589084e-158
1.906667 	6.878185e-158
1.913333 	5.167287e-158
1.92 	3.456389e-158
1.926667 	1.74549e-158
1.933333 	3.459188e-160
1.94 	2.76994e-160
1.946667 	2.080691e-160
1.953333 	1.391442e-160
1.96 	7.021938e-161
1.966667 	1.294513e-162
1.973333 	1.037314e-162
1.98 	7.801183e-163
1.986667 	5.229225e-163
1.993333 	2.657266e-163
2 	8.530788e-165
