0 	1.000003
0.006666667 	1.000003
0.01333333 	1.000004
0.02 	1.000004
0.02666667 	1.000004
0.03333333 	1.000004
0.04 	1.000005
0.04666667 	1.000005
0.05333333 	1.000005
0.06 	1.000005
0.06666667 	1.000006
0.07333333 	1.000005
0.08 	1.000005
0.08666667 	1.000005
0.09333333 	1.000005
0.1 	1.000005
0.1066667 	1.000005
0.1133333 	1.000005
0.12 	1.000005
0.1266667 	1.000005
0.1333333 	1.000005
0.14 	1.000005
0.1466667 	1.000005
0.1533333 	1.000005
0.16 	1.000005
0.1666667 	1.000005
0.1733333 	1.000005
0.18 	1.000005
0.1866667 	1.000005
0.1933333 	1.000005
0.2 	1.000005
0.2066667 	1.000005
0.2133333 	1.000005
0.22 	1.000005
0.2266667 	1.000005
0.2333333 	1.000005
0.24 	1.000005
0.2466667 	1.000005
0.2533333 	1.000005
0.26 	1.000005
0.2666667 	1.000005
0.2733333 	1.000005
0.28 	1.000005
0.2866667 	1.000005
0.2933333 	1.000005
0.3 	1.000005
0.3066667 	1.000005
0.3133333 	1.000005
0.32 	1.000005
0.3266667 	1.000005
0.3333333 	1.000005
0.34 	1.000005
0.3466667 	1.000005
0.3533333 	1.000005
0.36 	1.000005
0.3666667 	1.000005
0.3733333 	1.000005
0.38 	1.000005
0.3866667 	1.000005
0.3933333 	1.000005
0.4 	1.000005
0.4066667 	1.000005
0.4133333 	1.000004
0.42 	1.000004
0.4266667 	1.000004
0.4333333 	1.000004
0.44 	1.000004
0.4466667 	1.000004
0.4533333 	1.000004
0.46 	1.000004
0.4666667 	1.000004
0.4733333 	1.000004
0.48 	1.000004
0.4866667 	1.000004
0.4933333 	1.000003
0.5 	1.000003
0.5066667 	1.000003
0.5133333 	1.000003
0.52 	1.000003
0.5266667 	1.000003
0.5333333 	1.000003
0.54 	1.000003
0.5466667 	1.000003
0.5533333 	1.000003
0.56 	1.000003
0.5666667 	1.000003
0.5733333 	1.000003
0.58 	1.000003
0.5866667 	1.000002
0.5933333 	1.000002
0.6 	1.000002
0.6066667 	1.000002
0.6133333 	1.000002
0.62 	1.000002
0.6266667 	1.000002
0.6333333 	1.000002
0.64 	1.000002
0.6466667 	1.000002
0.6533333 	1.000002
0.66 	1.000002
0.6666667 	1.000002
0.6733333 	1.000002
0.68 	1.000001
0.6866667 	1.000001
0.6933333 	1.000001
0.7 	1.000001
0.7066667 	1.000001
0.7133333 	1.000001
0.72 	1.000001
0.7266667 	1.000001
0.7333333 	1.000001
0.74 	1.000001
0.7466667 	1.000001
0.7533333 	1.000001
0.76 	1.000001
0.7666667 	1
0.7733333 	0.9999995
0.78 	0.9999986
0.7866667 	0.9999977
0.7933333 	0.9999967
0.8 	0.9999958
0.8066667 	0.9972752
0.8133333 	0.9945547
0.82 	0.9918341
0.8266667 	0.9891136
0.8333333 	0.9863931
0.84 	0.8904108
0.8466667 	0.7944286
0.8533333 	0.6984464
0.86 	0.6024641
0.8666667 	0.5064819
0.8733333 	0.4092136
0.88 	0.3119453
0.8866667 	0.2146769
0.8933333 	0.1174086
0.9 	0.0201403
0.9066667 	0.01612339
0.9133333 	0.01210647
0.92 	0.008089554
0.9266667 	0.004072637
0.9333333 	5.57206e-05
0.94 	4.457727e-05
0.9466667 	3.343393e-05
0.9533333 	2.229059e-05
0.96 	1.114725e-05
0.9666667 	3.909781e-09
0.9733333 	3.127788e-09
0.98 	2.345851e-09
0.9866667 	1.563913e-09
0.9933333 	7.819756e-10
1 	3.806708e-14
1.006667 	3.045372e-14
1.013333 	2.284037e-14
1.02 	1.522701e-14
1.026667 	7.613657e-15
1.033333 	3.022464e-19
1.04 	2.417976e-19
1.046667 	1.813487e-19
1.053333 	1.208999e-19
1.06 	6.0451e-20
1.066667 	2.150711e-24
1.073333 	1.718154e-24
1.08 	1.288619e-24
1.086667 	8.590844e-25
1.093333 	4.295495e-25
1.1 	1.467418e-29
1.106667 	1.173937e-29
1.113333 	8.804553e-30
1.12 	5.869737e-30
1.126667 	2.934921e-30
1.133333 	1.050362e-34
1.14 	8.402911e-35
1.146667 	6.302205e-35
1.153333 	4.201498e-35
1.16 	2.100792e-35
1.166667 	8.619971e-40
1.173333 	6.88759e-40
1.18 	5.165714e-40
1.186667 	3.443837e-40
1.193333 	1.72196e-40
1.2 	8.328568e-45
1.206667 	6.662872e-45
1.213333 	4.997176e-45
1.22 	3.331481e-45
1.226667 	1.665785e-45
1.233333 	8.937224e-50
1.24 	7.149799e-50
1.246667 	5.362374e-50
1.253333 	3.574948e-50
1.26 	1.787523e-50
1.266667 	9.772444e-55
1.273333 	7.810826e-55
1.28 	5.858145e-55
1.286667 	3.905465e-55
1.293333 	1.952784e-55
1.3 	1.028368e-59
1.306667 	8.226961e-60
1.313333 	6.170247e-60
1.32 	4.113532e-60
1.326667 	2.056817e-60
1.333333 	1.020359e-64
1.34 	8.16289e-65
1.346667 	6.122192e-65
1.353333 	4.081493e-65
1.36 	2.040794e-65
1.366667 	9.482576e-70
1.373333 	7.577914e-70
1.38 	5.683456e-70
1.386667 	3.788998e-70
1.393333 	1.89454e-70
1.4 	8.223449e-75
1.406667 	6.578773e-75
1.413333 	4.934096e-75
1.42 	3.28942e-75
1.426667 	1.644743e-75
1.433333 	6.689202e-80
1.44 	5.351372e-80
1.446667 	4.013541e-80
1.453333 	2.675711e-80
1.46 	1.337881e-80
1.466667 	5.118138e-85
1.473333 	4.089166e-85
1.48 	3.066884e-85
1.486667 	2.044602e-85
1.493333 	1.022319e-85
1.5 	3.678898e-90
1.506667 	2.943123e-90
1.513333 	2.207349e-90
1.52 	1.471574e-90
1.526667 	7.357995e-91
1.533333 	2.500545e-95
1.54 	2.00044e-95
1.546667 	1.500334e-95
1.553333 	1.000228e-95
1.56 	5.00122e-96
1.566667 	1.611366e-100
1.573333 	1.287094e-100
1.58 	9.65323e-101
1.586667 	6.435519e-101
1.593333 	3.217809e-101
1.6 	9.818097e-106
1.606667 	7.854488e-106
1.613333 	5.890881e-106
1.62 	3.927273e-106
1.626667 	1.963665e-106
1.633333 	5.694059e-111
1.64 	4.555254e-111
1.646667 	3.416448e-111
1.653333 	2.277643e-111
1.66 	1.138837e-111
1.666667 	3.149418e-116
1.673333 	2.514982e-116
1.68 	1.886241e-116
1.686667 	1.257499e-116
1.693333 	6.28758e-117
1.7 	1.654683e-121
1.706667 	1.323748e-121
1.713333 	9.928128e-122
1.72 	6.61878e-122
1.726667 	3.309431e-122
1.733333 	8.315332e-127
1.74 	6.652274e-127
1.746667 	4.989215e-127
1.753333 	3.326157e-127
1.76 	1.663098e-127
1.766667 	4.00317e-132
1.773333 	3.195888e-132
1.78 	2.39692e-132
1.786667 	1.597953e-132
1.793333 	7.989857e-133
1.8 	1.836511e-137
1.806667 	1.469211e-137
1.813333 	1.10191e-137
1.82 	7.346094e-138
1.826667 	3.673087e-138
1.833333 	8.088907e-143
1.84 	6.471133e-143
1.846667 	4.853358e-143
1.853333 	3.235584e-143
1.86 	1.617809e-143
1.866667 	3.465254e-148
1.873333 	2.768531e-148
1.88 	2.079897e-148
1.886667 	1.391263e-148
1.893333 	7.026284e-149
1.9 	1.399418e-150
1.906667 	1.125128e-150
1.913333 	8.508387e-151
1.92 	5.765492e-151
1.926667 	3.022598e-151
1.933333 	2.797038e-152
1.94 	2.248483e-152
1.946667 	1.699928e-152
1.953333 	1.151372e-152
1.96 	6.028171e-153
1.966667 	5.426186e-154
1.973333 	4.382208e-154
1.98 	3.338232e-154
1.986667 	2.294257e-154
1.993333 	1.250281e-154
2 	2.063051e-155
